[ 1338055.981824] 0003 0000 00002c6a
[ 1338055.981824] 0003 0001 00003a35
[ 1338055.981824] 0003 0019 00000039
[ 1338055.981824] 0003 001a ffffffe3
[ 1338055.981824] 0003 001b 00000001
[ 1338055.981824] 0001 0140 00000001
[ 1338055.981824] 0000 0000 00000000
[ 1338055.985792] 0003 001b 00000000
[ 1338055.985792] 0000 0000 00000000
[ 1338055.987805] 0003 0001 00003a34
[ 1338055.987805] 0003 001b 00000001
[ 1338055.987805] 0000 0000 00000000
[ 1338055.990141] 0003 0000 00002c6c
[ 1338055.990141] 0003 0001 00003a33
[ 1338055.990141] 0003 0019 00000038
[ 1338055.990141] 0000 0000 00000000
[ 1338055.992146] 0003 0001 00003a32
[ 1338055.992146] 0003 0019 00000037
[ 1338055.992146] 0000 0000 00000000
[ 1338055.995036] 0003 0000 00002c6e
[ 1338055.995036] 0003 0001 00003a31
[ 1338055.995036] 0000 0000 00000000
[ 1338055.996402] 0003 0000 00002c70
[ 1338055.996402] 0003 0001 00003a30
[ 1338055.996402] 0003 0019 00000036
[ 1338055.996402] 0000 0000 00000000
[ 1338055.998738] 0003 0000 00002c72
[ 1338055.998738] 0003 0001 00003a2f
[ 1338055.998738] 0003 0019 00000035
[ 1338055.998738] 0000 0000 00000000
[ 1338056.000424] 0003 0000 00002c74
[ 1338056.000424] 0003 0001 00003a2e
[ 1338056.000424] 0000 0000 00000000
[ 1338056.002494] 0003 0000 00002c76
[ 1338056.002494] 0003 0001 00003a2d
[ 1338056.002494] 0003 0019 00000034
[ 1338056.002494] 0003 001b 00000002
[ 1338056.002494] 0000 0000 00000000
[ 1338056.004475] 0003 0000 00002c78
[ 1338056.004475] 0003 0001 00003a2c
[ 1338056.004475] 0003 0019 00000033
[ 1338056.004475] 0000 0000 00000000
[ 1338056.006518] 0003 0000 00002c7b
[ 1338056.006518] 0003 0001 00003a2b
[ 1338056.006518] 0003 0019 00000032
[ 1338056.006518] 0000 0000 00000000
[ 1338056.008514] 0003 0000 00002c7e
[ 1338056.008514] 0003 0001 00003a2a
[ 1338056.008514] 0003 0019 00000031
[ 1338056.008514] 0000 0000 00000000
[ 1338056.011027] 0003 0000 00002c81
[ 1338056.011027] 0003 0001 00003a28
[ 1338056.011027] 0003 0019 00000030
[ 1338056.011027] 0000 0000 00000000
[ 1338056.012717] 0003 0000 00002c84
[ 1338056.012717] 0003 0001 00003a26
[ 1338056.012717] 0003 0019 0000002f
[ 1338056.012717] 0003 001a ffffffe5
[ 1338056.012717] 0000 0000 00000000
[ 1338056.014840] 0003 0000 00002c87
[ 1338056.014840] 0003 0001 00003a24
[ 1338056.014840] 0003 0019 0000002d
[ 1338056.014840] 0000 0000 00000000
[ 1338056.016966] 0003 0000 00002c8f
[ 1338056.016966] 0003 0001 00003a22
[ 1338056.016966] 0003 0019 0000002c
[ 1338056.016966] 0000 0000 00000000
[ 1338056.019073] 0003 0000 00002c91
[ 1338056.019073] 0003 0001 00003a20
[ 1338056.019073] 0003 0019 0000002b
[ 1338056.019073] 0000 0000 00000000
[ 1338056.021388] 0003 0000 00002c94
[ 1338056.021388] 0003 0001 00003a1d
[ 1338056.021388] 0003 0019 0000002a
[ 1338056.021388] 0000 0000 00000000
[ 1338056.023065] 0003 0000 00002c97
[ 1338056.023065] 0003 0001 00003a1a
[ 1338056.023065] 0003 0019 00000028
[ 1338056.023065] 0000 0000 00000000
[ 1338056.025596] 0003 0000 00002ca0
[ 1338056.025596] 0003 0001 00003a17
[ 1338056.025596] 0003 0019 00000027
[ 1338056.025596] 0000 0000 00000000
[ 1338056.027599] 0003 0000 00002ca2
[ 1338056.027599] 0003 0001 00003a14
[ 1338056.027599] 0003 0019 00000025
[ 1338056.027599] 0000 0000 00000000
[ 1338056.029272] 0003 0000 00002caa
[ 1338056.029272] 0003 0001 00003a11
[ 1338056.029272] 0003 0019 00000024
[ 1338056.029272] 0000 0000 00000000
[ 1338056.031487] 0003 0000 00002cac
[ 1338056.031487] 0003 0001 00003a0e
[ 1338056.031487] 0003 0019 00000023
[ 1338056.031487] 0000 0000 00000000
[ 1338056.033507] 0003 0000 00002cb4
[ 1338056.033507] 0003 0001 00003a0b
[ 1338056.033507] 0003 0019 00000021
[ 1338056.033507] 0000 0000 00000000
[ 1338056.035678] 0003 0000 00002cb6
[ 1338056.035678] 0003 0001 00003a08
[ 1338056.035678] 0003 0019 00000020
[ 1338056.035678] 0003 001a ffffffe6
[ 1338056.035678] 0000 0000 00000000
[ 1338056.037696] 0003 0000 00002cbe
[ 1338056.037696] 0003 0001 00003a05
[ 1338056.037696] 0003 0019 0000001e
[ 1338056.037696] 0000 0000 00000000
[ 1338056.039855] 0003 0000 00002cc0
[ 1338056.039855] 0003 0001 00003a01
[ 1338056.039855] 0003 0019 0000001c
[ 1338056.039855] 0000 0000 00000000
[ 1338056.041832] 0003 0000 00002cc9
[ 1338056.041832] 0003 0001 000039f9
[ 1338056.041832] 0003 0019 0000001a
[ 1338056.041832] 0000 0000 00000000
[ 1338056.043958] 0003 0000 00002ccc
[ 1338056.043958] 0003 0001 000039f6
[ 1338056.043958] 0003 0019 00000018
[ 1338056.043958] 0000 0000 00000000
[ 1338056.045900] 0003 0000 00002cd8
[ 1338056.045900] 0003 0001 000039eb
[ 1338056.045900] 0003 0019 00000016
[ 1338056.045900] 0003 001b 00000003
[ 1338056.045900] 0000 0000 00000000
[ 1338056.047973] 0003 0000 00002ce1
[ 1338056.047973] 0003 0001 000039e2
[ 1338056.047973] 0003 0019 00000013
[ 1338056.047973] 0000 0000 00000000
[ 1338056.050043] 0003 0000 00002cea
[ 1338056.050043] 0003 0001 000039d8
[ 1338056.050043] 0003 0019 00000011
[ 1338056.050043] 0000 0000 00000000
[ 1338056.052187] 0003 0000 00002cf4
[ 1338056.052187] 0003 0001 000039cd
[ 1338056.052187] 0003 0019 0000000f
[ 1338056.052187] 0000 0000 00000000
[ 1338056.054234] 0003 0000 00002cff
[ 1338056.054234] 0003 0001 000039be
[ 1338056.054234] 0003 0019 0000000d
[ 1338056.054234] 0000 0000 00000000
[ 1338056.056307] 0003 0000 00002d0b
[ 1338056.056307] 0003 0001 000039ad
[ 1338056.056307] 0003 0019 0000000b
[ 1338056.056307] 0000 0000 00000000
[ 1338056.058544] 0003 0000 00002d17
[ 1338056.058544] 0003 0001 0000399b
[ 1338056.058544] 0003 0019 00000008
[ 1338056.058544] 0000 0000 00000000
[ 1338056.060634] 0003 0000 00002d2e
[ 1338056.060634] 0003 0001 00003976
[ 1338056.060634] 0000 0000 00000000
[ 1338056.062519] 0003 0000 00002d41
[ 1338056.062519] 0003 0001 00003958
[ 1338056.062519] 0003 0019 00000007
[ 1338056.062519] 0000 0000 00000000
[ 1338056.064628] 0003 0000 00002d78
[ 1338056.064628] 0003 0001 000038ff
[ 1338056.064628] 0001 014a 00000001
[ 1338056.064628] 0003 0018 00000462
[ 1338056.064628] 0003 0019 00000000
[ 1338056.064628] 0000 0000 00000000
[ 1338056.066620] 0003 0000 00002d91
[ 1338056.066620] 0003 0001 000038f4
[ 1338056.066620] 0003 0018 0000058f
[ 1338056.066620] 0000 0000 00000000
[ 1338056.068741] 0003 0000 00002d9f
[ 1338056.068741] 0003 0001 000038f1
[ 1338056.068741] 0003 0018 000005a5
[ 1338056.068741] 0000 0000 00000000
[ 1338056.070785] 0003 0000 00002db7
[ 1338056.070785] 0003 0001 000038e4
[ 1338056.070785] 0003 0018 000005c0
[ 1338056.070785] 0000 0000 00000000
[ 1338056.072903] 0003 0000 00002dd3
[ 1338056.072903] 0003 0001 000038d7
[ 1338056.072903] 0003 0018 000005d3
[ 1338056.072903] 0000 0000 00000000
[ 1338056.074968] 0003 0000 00002df1
[ 1338056.074968] 0003 0001 000038ca
[ 1338056.074968] 0003 0018 000005de
[ 1338056.074968] 0000 0000 00000000
[ 1338056.078167] 0003 0000 00002e0f
[ 1338056.078167] 0003 0001 000038bb
[ 1338056.078167] 0003 0018 000005dc
[ 1338056.078167] 0000 0000 00000000
[ 1338056.079123] 0003 0000 00002e2c
[ 1338056.079123] 0003 0001 000038ad
[ 1338056.079123] 0003 0018 000005db
[ 1338056.079123] 0000 0000 00000000
[ 1338056.081119] 0003 0000 00002e48
[ 1338056.081119] 0003 0001 0000389f
[ 1338056.081119] 0003 0018 000005cf
[ 1338056.081119] 0000 0000 00000000
[ 1338056.083249] 0003 0000 00002e61
[ 1338056.083249] 0003 0001 00003891
[ 1338056.083249] 0003 0018 000005c7
[ 1338056.083249] 0000 0000 00000000
[ 1338056.085329] 0003 0000 00002e77
[ 1338056.085329] 0003 0001 00003883
[ 1338056.085329] 0003 0018 000005c3
[ 1338056.085329] 0000 0000 00000000
[ 1338056.087470] 0003 0000 00002e8b
[ 1338056.087470] 0003 0001 00003875
[ 1338056.087470] 0003 0018 000005c4
[ 1338056.087470] 0000 0000 00000000
[ 1338056.089515] 0003 0000 00002e9e
[ 1338056.089515] 0003 0001 00003866
[ 1338056.089515] 0003 0018 000005c3
[ 1338056.089515] 0000 0000 00000000
[ 1338056.091458] 0003 0000 00002eaf
[ 1338056.091458] 0003 0001 00003856
[ 1338056.091458] 0003 0018 000005c0
[ 1338056.091458] 0000 0000 00000000
[ 1338056.093772] 0003 0000 00002ebd
[ 1338056.093772] 0003 0001 00003847
[ 1338056.093772] 0003 0018 000005b8
[ 1338056.093772] 0000 0000 00000000
[ 1338056.095618] 0003 0000 00002ecb
[ 1338056.095618] 0003 0001 00003839
[ 1338056.095618] 0003 0018 000005b1
[ 1338056.095618] 0000 0000 00000000
[ 1338056.097689] 0003 0000 00002ed9
[ 1338056.097689] 0003 0001 0000382e
[ 1338056.097689] 0003 0018 000005b0
[ 1338056.097689] 0000 0000 00000000
[ 1338056.099914] 0003 0000 00002ee5
[ 1338056.099914] 0003 0001 00003824
[ 1338056.099914] 0003 0018 000005ab
[ 1338056.099914] 0000 0000 00000000
[ 1338056.101951] 0003 0000 00002ef0
[ 1338056.101951] 0003 0001 0000381b
[ 1338056.101951] 0003 0018 000005b1
[ 1338056.101951] 0000 0000 00000000
[ 1338056.103914] 0003 0000 00002efa
[ 1338056.103914] 0003 0001 00003812
[ 1338056.103914] 0003 0018 000005a8
[ 1338056.103914] 0000 0000 00000000
[ 1338056.106144] 0003 0000 00002f03
[ 1338056.106144] 0003 0001 00003808
[ 1338056.106144] 0003 0018 000005ad
[ 1338056.106144] 0000 0000 00000000
[ 1338056.108224] 0003 0000 00002f0c
[ 1338056.108224] 0003 0001 00003800
[ 1338056.108224] 0003 0018 000005ae
[ 1338056.108224] 0000 0000 00000000
[ 1338056.110180] 0003 0000 00002f14
[ 1338056.110180] 0003 0001 000037f8
[ 1338056.110180] 0003 0018 000005ab
[ 1338056.110180] 0000 0000 00000000
[ 1338056.112316] 0003 0000 00002f1d
[ 1338056.112316] 0003 0001 000037f0
[ 1338056.112316] 0003 0018 000005ad
[ 1338056.112316] 0000 0000 00000000
[ 1338056.114307] 0003 0000 00002f27
[ 1338056.114307] 0003 0001 000037e8
[ 1338056.114307] 0003 0018 000005a7
[ 1338056.114307] 0000 0000 00000000
[ 1338056.116554] 0003 0000 00002f30
[ 1338056.116554] 0003 0001 000037e4
[ 1338056.116554] 0003 0018 000005a6
[ 1338056.116554] 0000 0000 00000000
[ 1338056.118512] 0003 0000 00002f39
[ 1338056.118512] 0003 0001 000037d9
[ 1338056.118512] 0003 0018 000005a4
[ 1338056.118512] 0000 0000 00000000
[ 1338056.120603] 0003 0000 00002f42
[ 1338056.120603] 0003 0001 000037d1
[ 1338056.120603] 0003 0018 0000059b
[ 1338056.120603] 0000 0000 00000000
[ 1338056.122696] 0003 0000 00002f4a
[ 1338056.122696] 0003 0001 000037c9
[ 1338056.122696] 0000 0000 00000000
[ 1338056.124691] 0003 0000 00002f52
[ 1338056.124691] 0003 0001 000037c1
[ 1338056.124691] 0003 0018 00000590
[ 1338056.124691] 0000 0000 00000000
[ 1338056.126750] 0003 0000 00002f55
[ 1338056.126750] 0003 0001 000037b9
[ 1338056.126750] 0003 0018 00000585
[ 1338056.126750] 0000 0000 00000000
[ 1338056.128772] 0003 0000 00002f5e
[ 1338056.128772] 0003 0001 000037b1
[ 1338056.128772] 0003 0018 0000057f
[ 1338056.128772] 0000 0000 00000000
[ 1338056.130902] 0003 0000 00002f61
[ 1338056.130902] 0003 0001 000037a8
[ 1338056.130902] 0003 0018 0000056d
[ 1338056.130902] 0000 0000 00000000
[ 1338056.133093] 0003 0000 00002f6a
[ 1338056.133093] 0003 0001 0000379f
[ 1338056.133093] 0003 0018 00000558
[ 1338056.133093] 0000 0000 00000000
[ 1338056.135237] 0003 0000 00002f6c
[ 1338056.135237] 0003 0001 00003796
[ 1338056.135237] 0003 0018 0000053a
[ 1338056.135237] 0000 0000 00000000
[ 1338056.137322] 0003 0000 00002f74
[ 1338056.137322] 0003 0001 0000378c
[ 1338056.137322] 0003 0018 0000051b
[ 1338056.137322] 0000 0000 00000000
[ 1338056.139260] 0003 0001 00003783
[ 1338056.139260] 0003 0018 000004fd
[ 1338056.139260] 0000 0000 00000000
[ 1338056.141478] 0003 0000 00002f76
[ 1338056.141478] 0003 0001 00003779
[ 1338056.141478] 0003 0018 000004df
[ 1338056.141478] 0000 0000 00000000
[ 1338056.143598] 0003 0000 00002f78
[ 1338056.143598] 0003 0001 0000376f
[ 1338056.143598] 0003 0018 000004b8
[ 1338056.143598] 0000 0000 00000000
[ 1338056.145614] 0003 0000 00002f7a
[ 1338056.145614] 0003 0001 00003764
[ 1338056.145614] 0003 0018 00000492
[ 1338056.145614] 0000 0000 00000000
[ 1338056.147801] 0003 0000 00002f7c
[ 1338056.147801] 0003 0001 00003758
[ 1338056.147801] 0003 0018 00000461
[ 1338056.147801] 0000 0000 00000000
[ 1338056.149551] 0003 0001 0000374c
[ 1338056.149551] 0003 0018 0000042a
[ 1338056.149551] 0000 0000 00000000
[ 1338056.151722] 0003 0001 0000373f
[ 1338056.151722] 0003 0018 000003f1
[ 1338056.151722] 0000 0000 00000000
[ 1338056.153927] 0003 0001 0000372f
[ 1338056.153927] 0003 0018 000003b3
[ 1338056.153927] 0000 0000 00000000
[ 1338056.155903] 0003 0000 00002f7b
[ 1338056.155903] 0003 0001 0000371d
[ 1338056.155903] 0003 0018 00000372
[ 1338056.155903] 0000 0000 00000000
[ 1338056.158056] 0003 0000 00002f78
[ 1338056.158056] 0003 0001 00003707
[ 1338056.158056] 0003 0018 0000032b
[ 1338056.158056] 0000 0000 00000000
[ 1338056.160120] 0003 0000 00002f70
[ 1338056.160120] 0003 0001 000036f1
[ 1338056.160120] 0003 0018 000002f0
[ 1338056.160120] 0000 0000 00000000
[ 1338056.162101] 0003 0000 00002f6c
[ 1338056.162101] 0003 0001 000036d6
[ 1338056.162101] 0003 0018 000002ae
[ 1338056.162101] 0000 0000 00000000
[ 1338056.164208] 0003 0000 00002f60
[ 1338056.164208] 0003 0001 000036b9
[ 1338056.164208] 0003 0018 00000277
[ 1338056.164208] 0000 0000 00000000
[ 1338056.166234] 0003 0000 00002f56
[ 1338056.166234] 0003 0001 0000369b
[ 1338056.166234] 0003 0018 0000024a
[ 1338056.166234] 0000 0000 00000000
[ 1338056.168337] 0003 0000 00002f4c
[ 1338056.168337] 0003 0001 0000367b
[ 1338056.168337] 0003 0018 0000021f
[ 1338056.168337] 0000 0000 00000000
[ 1338056.170392] 0003 0000 00002f41
[ 1338056.170392] 0003 0001 0000365b
[ 1338056.170392] 0003 0018 000001fe
[ 1338056.170392] 0000 0000 00000000
[ 1338056.172476] 0003 0000 00002f36
[ 1338056.172476] 0003 0001 00003639
[ 1338056.172476] 0003 0018 000001e5
[ 1338056.172476] 0000 0000 00000000
[ 1338056.174553] 0003 0000 00002f29
[ 1338056.174553] 0003 0001 00003613
[ 1338056.174553] 0003 0018 000001d3
[ 1338056.174553] 0000 0000 00000000
[ 1338056.176800] 0003 0000 00002f1b
[ 1338056.176800] 0003 0001 000035eb
[ 1338056.176800] 0003 0018 000001c7
[ 1338056.176800] 0000 0000 00000000
[ 1338056.178643] 0003 0000 00002f0c
[ 1338056.178643] 0003 0001 000035c1
[ 1338056.178643] 0003 0018 000001c3
[ 1338056.178643] 0000 0000 00000000
[ 1338056.181128] 0003 0000 00002efe
[ 1338056.181128] 0003 0001 00003597
[ 1338056.181128] 0003 0018 000001c2
[ 1338056.181128] 0000 0000 00000000
[ 1338056.182847] 0003 0000 00002ef0
[ 1338056.182847] 0003 0001 0000356d
[ 1338056.182847] 0003 0018 000001c6
[ 1338056.182847] 0000 0000 00000000
[ 1338056.184823] 0003 0000 00002ee2
[ 1338056.184823] 0003 0001 00003543
[ 1338056.184823] 0003 0018 000001ce
[ 1338056.184823] 0000 0000 00000000
[ 1338056.186996] 0003 0000 00002ed3
[ 1338056.186996] 0003 0001 0000351a
[ 1338056.186996] 0003 0018 000001da
[ 1338056.186996] 0000 0000 00000000
[ 1338056.189090] 0003 0000 00002ec4
[ 1338056.189090] 0003 0001 000034f0
[ 1338056.189090] 0003 0018 000001eb
[ 1338056.189090] 0000 0000 00000000
[ 1338056.191199] 0003 0000 00002eb5
[ 1338056.191199] 0003 0001 000034c6
[ 1338056.191199] 0003 0018 00000208
[ 1338056.191199] 0000 0000 00000000
[ 1338056.193156] 0003 0000 00002ea7
[ 1338056.193156] 0003 0001 0000349c
[ 1338056.193156] 0003 0018 00000223
[ 1338056.193156] 0000 0000 00000000
[ 1338056.195311] 0003 0000 00002e99
[ 1338056.195311] 0003 0001 00003472
[ 1338056.195311] 0003 0018 0000023b
[ 1338056.195311] 0000 0000 00000000
[ 1338056.197376] 0003 0000 00002e8b
[ 1338056.197376] 0003 0001 0000344a
[ 1338056.197376] 0003 0018 0000024e
[ 1338056.197376] 0000 0000 00000000
[ 1338056.199505] 0003 0000 00002e7d
[ 1338056.199505] 0003 0001 00003423
[ 1338056.199505] 0003 0018 00000269
[ 1338056.199505] 0000 0000 00000000
[ 1338056.201544] 0003 0000 00002e6e
[ 1338056.201544] 0003 0001 000033fe
[ 1338056.201544] 0003 0018 00000286
[ 1338056.201544] 0000 0000 00000000
[ 1338056.203687] 0003 0000 00002e5f
[ 1338056.203687] 0003 0001 000033db
[ 1338056.203687] 0003 0018 000002b6
[ 1338056.203687] 0000 0000 00000000
[ 1338056.205628] 0003 0000 00002e50
[ 1338056.205628] 0003 0001 000033bb
[ 1338056.205628] 0003 0018 000002ee
[ 1338056.205628] 0000 0000 00000000
[ 1338056.207685] 0003 0000 00002e40
[ 1338056.207685] 0003 0001 0000339b
[ 1338056.207685] 0003 0018 00000320
[ 1338056.207685] 0000 0000 00000000
[ 1338056.209868] 0003 0000 00002e31
[ 1338056.209868] 0003 0001 0000337e
[ 1338056.209868] 0003 0018 0000034e
[ 1338056.209868] 0000 0000 00000000
[ 1338056.211817] 0003 0000 00002e22
[ 1338056.211817] 0003 0001 00003363
[ 1338056.211817] 0003 0018 00000369
[ 1338056.211817] 0000 0000 00000000
[ 1338056.214258] 0003 0000 00002e12
[ 1338056.214258] 0003 0001 00003349
[ 1338056.214258] 0003 0018 00000381
[ 1338056.214258] 0000 0000 00000000
[ 1338056.216127] 0003 0000 00002e02
[ 1338056.216127] 0003 0001 00003331
[ 1338056.216127] 0003 0018 0000038e
[ 1338056.216127] 0000 0000 00000000
[ 1338056.218138] 0003 0000 00002df1
[ 1338056.218138] 0003 0001 00003319
[ 1338056.218138] 0003 0018 0000039f
[ 1338056.218138] 0000 0000 00000000
[ 1338056.220214] 0003 0000 00002de0
[ 1338056.220214] 0003 0001 00003303
[ 1338056.220214] 0003 0018 000003b0
[ 1338056.220214] 0000 0000 00000000
[ 1338056.222245] 0003 0000 00002dcf
[ 1338056.222245] 0003 0001 000032ed
[ 1338056.222245] 0003 0018 000003c9
[ 1338056.222245] 0000 0000 00000000
[ 1338056.224320] 0003 0000 00002dbe
[ 1338056.224320] 0003 0001 000032da
[ 1338056.224320] 0003 0018 000003dc
[ 1338056.224320] 0000 0000 00000000
[ 1338056.226416] 0003 0000 00002dac
[ 1338056.226416] 0003 0001 000032c9
[ 1338056.226416] 0003 0018 000003f0
[ 1338056.226416] 0000 0000 00000000
[ 1338056.228590] 0003 0000 00002d99
[ 1338056.228590] 0003 0001 000032ba
[ 1338056.228590] 0003 0018 00000402
[ 1338056.228590] 0000 0000 00000000
[ 1338056.230900] 0003 0000 00002d85
[ 1338056.230900] 0003 0001 000032ad
[ 1338056.230900] 0003 0018 00000412
[ 1338056.230900] 0000 0000 00000000
[ 1338056.232652] 0003 0000 00002d71
[ 1338056.232652] 0003 0001 0000329f
[ 1338056.232652] 0003 0018 00000422
[ 1338056.232652] 0000 0000 00000000
[ 1338056.234796] 0003 0000 00002d5c
[ 1338056.234796] 0003 0001 00003291
[ 1338056.234796] 0003 0018 00000434
[ 1338056.234796] 0000 0000 00000000
[ 1338056.236734] 0003 0000 00002d46
[ 1338056.236734] 0003 0001 00003284
[ 1338056.236734] 0003 0018 00000444
[ 1338056.236734] 0000 0000 00000000
[ 1338056.238857] 0003 0000 00002d2f
[ 1338056.238857] 0003 0001 00003278
[ 1338056.238857] 0003 0018 00000457
[ 1338056.238857] 0000 0000 00000000
[ 1338056.240946] 0003 0000 00002d16
[ 1338056.240946] 0003 0001 0000326e
[ 1338056.240946] 0003 0018 0000046c
[ 1338056.240946] 0000 0000 00000000
[ 1338056.243090] 0003 0000 00002cfd
[ 1338056.243090] 0003 0001 00003263
[ 1338056.243090] 0003 0018 00000479
[ 1338056.243090] 0000 0000 00000000
[ 1338056.245052] 0003 0000 00002ce2
[ 1338056.245052] 0003 0001 00003259
[ 1338056.245052] 0003 0018 0000048f
[ 1338056.245052] 0000 0000 00000000
[ 1338056.247372] 0003 0000 00002cc4
[ 1338056.247372] 0003 0001 00003250
[ 1338056.247372] 0003 0018 00000494
[ 1338056.247372] 0000 0000 00000000
[ 1338056.249108] 0003 0000 00002ca5
[ 1338056.249108] 0003 0001 00003247
[ 1338056.249108] 0003 0018 000004aa
[ 1338056.249108] 0000 0000 00000000
[ 1338056.251383] 0003 0000 00002c82
[ 1338056.251383] 0003 0001 00003243
[ 1338056.251383] 0003 0018 000004bd
[ 1338056.251383] 0000 0000 00000000
[ 1338056.253277] 0003 0000 00002c5f
[ 1338056.253277] 0003 0001 00003238
[ 1338056.253277] 0003 0018 000004ca
[ 1338056.253277] 0000 0000 00000000
[ 1338056.255385] 0003 0000 00002c3b
[ 1338056.255385] 0003 0001 00003230
[ 1338056.255385] 0003 0018 000004d8
[ 1338056.255385] 0003 001a ffffffe7
[ 1338056.255385] 0000 0000 00000000
[ 1338056.257391] 0003 0000 00002c15
[ 1338056.257391] 0003 0001 00003228
[ 1338056.257391] 0000 0000 00000000
[ 1338056.259528] 0003 0000 00002bee
[ 1338056.259528] 0003 0001 0000321f
[ 1338056.259528] 0003 0018 000004e5
[ 1338056.259528] 0000 0000 00000000
[ 1338056.261722] 0003 0000 00002bc5
[ 1338056.261722] 0003 0001 00003217
[ 1338056.261722] 0003 0018 000004ef
[ 1338056.261722] 0000 0000 00000000
[ 1338056.263824] 0003 0000 00002b9b
[ 1338056.263824] 0003 0001 00003213
[ 1338056.263824] 0003 0018 000004fa
[ 1338056.263824] 0000 0000 00000000
[ 1338056.265845] 0003 0000 00002b70
[ 1338056.265845] 0003 0001 00003209
[ 1338056.265845] 0003 0018 000004fd
[ 1338056.265845] 0000 0000 00000000
[ 1338056.267831] 0003 0000 00002b44
[ 1338056.267831] 0003 0001 00003206
[ 1338056.267831] 0003 0018 000004fb
[ 1338056.267831] 0000 0000 00000000
[ 1338056.269940] 0003 0000 00002b18
[ 1338056.269940] 0003 0001 000031fe
[ 1338056.269940] 0003 0018 000004f5
[ 1338056.269940] 0003 001b 00000005
[ 1338056.269940] 0000 0000 00000000
[ 1338056.272079] 0003 0000 00002aeb
[ 1338056.272079] 0003 0001 000031fd
[ 1338056.272079] 0003 0018 000004f4
[ 1338056.272079] 0000 0000 00000000
[ 1338056.274127] 0003 0000 00002abe
[ 1338056.274127] 0003 0001 000031fa
[ 1338056.274127] 0003 0018 000004f2
[ 1338056.274127] 0000 0000 00000000
[ 1338056.276240] 0003 0000 00002a91
[ 1338056.276240] 0003 0001 000031f9
[ 1338056.276240] 0003 0018 000004ea
[ 1338056.276240] 0000 0000 00000000
[ 1338056.278401] 0003 0000 00002a62
[ 1338056.278401] 0003 0018 000004de
[ 1338056.278401] 0000 0000 00000000
[ 1338056.280210] 0003 0000 00002a32
[ 1338056.280210] 0003 0001 000031fc
[ 1338056.280210] 0003 0018 000004c2
[ 1338056.280210] 0000 0000 00000000
[ 1338056.282352] 0003 0000 000029fe
[ 1338056.282352] 0003 0001 00003207
[ 1338056.282352] 0003 0018 00000499
[ 1338056.282352] 0000 0000 00000000
[ 1338056.284488] 0003 0000 000029ca
[ 1338056.284488] 0003 0001 0000320f
[ 1338056.284488] 0003 0018 00000468
[ 1338056.284488] 0000 0000 00000000
[ 1338056.286605] 0003 0000 00002995
[ 1338056.286605] 0003 0001 0000321b
[ 1338056.286605] 0003 0018 00000422
[ 1338056.286605] 0000 0000 00000000
[ 1338056.288516] 0003 0000 0000295f
[ 1338056.288516] 0003 0001 0000322a
[ 1338056.288516] 0003 0018 000003c6
[ 1338056.288516] 0000 0000 00000000
[ 1338056.290670] 0003 0000 0000292a
[ 1338056.290670] 0003 0001 0000323d
[ 1338056.290670] 0003 0018 0000035b
[ 1338056.290670] 0003 001a ffffffe8
[ 1338056.290670] 0000 0000 00000000
[ 1338056.292745] 0003 0000 000028f4
[ 1338056.292745] 0003 0001 00003253
[ 1338056.292745] 0003 0018 000002e5
[ 1338056.292745] 0000 0000 00000000
[ 1338056.294794] 0003 0000 000028bf
[ 1338056.294794] 0003 0001 0000326d
[ 1338056.294794] 0003 0018 0000027a
[ 1338056.294794] 0000 0000 00000000
[ 1338056.296884] 0003 0000 0000288a
[ 1338056.296884] 0003 0001 0000328a
[ 1338056.296884] 0003 0018 0000021f
[ 1338056.296884] 0000 0000 00000000
[ 1338056.299029] 0003 0000 00002857
[ 1338056.299029] 0003 0001 000032ab
[ 1338056.299029] 0003 0018 000001d7
[ 1338056.299029] 0000 0000 00000000
[ 1338056.301217] 0003 0000 00002824
[ 1338056.301217] 0003 0001 000032cf
[ 1338056.301217] 0003 0018 0000019c
[ 1338056.301217] 0000 0000 00000000
[ 1338056.303273] 0003 0000 000027f6
[ 1338056.303273] 0003 0001 000032f6
[ 1338056.303273] 0003 0018 00000171
[ 1338056.303273] 0003 001b 00000006
[ 1338056.303273] 0000 0000 00000000
[ 1338056.305175] 0003 0000 000027c8
[ 1338056.305175] 0003 0001 00003321
[ 1338056.305175] 0003 0018 00000150
[ 1338056.305175] 0000 0000 00000000
[ 1338056.307403] 0003 0000 0000279d
[ 1338056.307403] 0003 0001 00003350
[ 1338056.307403] 0003 0018 00000144
[ 1338056.307403] 0000 0000 00000000
[ 1338056.309528] 0003 0000 00002775
[ 1338056.309528] 0003 0001 00003382
[ 1338056.309528] 0003 0018 00000136
[ 1338056.309528] 0000 0000 00000000
[ 1338056.311608] 0003 0000 0000274f
[ 1338056.311608] 0003 0001 000033b7
[ 1338056.311608] 0003 0018 00000130
[ 1338056.311608] 0000 0000 00000000
[ 1338056.313515] 0003 0000 0000272e
[ 1338056.313515] 0003 0001 000033ee
[ 1338056.313515] 0003 0018 00000135
[ 1338056.313515] 0003 001a ffffffea
[ 1338056.313515] 0000 0000 00000000
[ 1338056.315678] 0003 0000 0000270f
[ 1338056.315678] 0003 0001 00003425
[ 1338056.315678] 0003 0018 00000123
[ 1338056.315678] 0000 0000 00000000
[ 1338056.317680] 0003 0000 000026f3
[ 1338056.317680] 0003 0001 0000345e
[ 1338056.317680] 0003 0018 0000012c
[ 1338056.317680] 0000 0000 00000000
[ 1338056.319677] 0003 0000 000026d9
[ 1338056.319677] 0003 0001 0000349a
[ 1338056.319677] 0003 0018 0000012f
[ 1338056.319677] 0000 0000 00000000
[ 1338056.321827] 0003 0000 000026c1
[ 1338056.321827] 0003 0001 000034d7
[ 1338056.321827] 0003 0018 00000131
[ 1338056.321827] 0000 0000 00000000
[ 1338056.323844] 0003 0000 000026a9
[ 1338056.323844] 0003 0001 00003515
[ 1338056.323844] 0003 0018 0000013b
[ 1338056.323844] 0000 0000 00000000
[ 1338056.326046] 0003 0000 00002693
[ 1338056.326046] 0003 0001 00003552
[ 1338056.326046] 0003 0018 00000140
[ 1338056.326046] 0000 0000 00000000
[ 1338056.328057] 0003 0000 0000267c
[ 1338056.328057] 0003 0001 0000358f
[ 1338056.328057] 0003 0018 00000130
[ 1338056.328057] 0000 0000 00000000
[ 1338056.330148] 0003 0000 00002666
[ 1338056.330148] 0003 0001 000035cd
[ 1338056.330148] 0003 0018 0000012e
[ 1338056.330148] 0000 0000 00000000
[ 1338056.332123] 0003 0000 00002653
[ 1338056.332123] 0003 0001 0000360a
[ 1338056.332123] 0003 0018 00000128
[ 1338056.332123] 0000 0000 00000000
[ 1338056.334248] 0003 0000 00002641
[ 1338056.334248] 0003 0001 00003647
[ 1338056.334248] 0003 0018 00000117
[ 1338056.334248] 0003 001a ffffffeb
[ 1338056.334248] 0000 0000 00000000
[ 1338056.336178] 0003 0000 00002631
[ 1338056.336178] 0003 0001 00003684
[ 1338056.336178] 0003 0018 00000122
[ 1338056.336178] 0000 0000 00000000
[ 1338056.338396] 0003 0000 00002624
[ 1338056.338396] 0003 0001 000036c0
[ 1338056.338396] 0003 0018 0000011c
[ 1338056.338396] 0000 0000 00000000
[ 1338056.340366] 0003 0000 00002616
[ 1338056.340366] 0003 0001 000036fd
[ 1338056.340366] 0003 0018 00000127
[ 1338056.340366] 0000 0000 00000000
[ 1338056.342495] 0003 0000 00002609
[ 1338056.342495] 0003 0001 00003738
[ 1338056.342495] 0003 0018 00000126
[ 1338056.342495] 0000 0000 00000000
[ 1338056.344535] 0003 0000 000025fc
[ 1338056.344535] 0003 0001 00003772
[ 1338056.344535] 0003 0018 00000124
[ 1338056.344535] 0000 0000 00000000
[ 1338056.346656] 0003 0000 000025f0
[ 1338056.346656] 0003 0001 000037aa
[ 1338056.346656] 0003 0018 0000011b
[ 1338056.346656] 0000 0000 00000000
[ 1338056.348744] 0003 0000 000025e5
[ 1338056.348744] 0003 0001 000037e1
[ 1338056.348744] 0003 0018 00000113
[ 1338056.348744] 0000 0000 00000000
[ 1338056.350724] 0003 0000 000025dd
[ 1338056.350724] 0003 0001 00003819
[ 1338056.350724] 0003 0018 00000109
[ 1338056.350724] 0000 0000 00000000
[ 1338056.352859] 0003 0000 000025da
[ 1338056.352859] 0003 0001 00003850
[ 1338056.352859] 0003 0018 00000110
[ 1338056.352859] 0000 0000 00000000
[ 1338056.354987] 0003 0000 000025d6
[ 1338056.354987] 0003 0001 00003886
[ 1338056.354987] 0003 0018 0000010b
[ 1338056.354987] 0000 0000 00000000
[ 1338056.357082] 0003 0000 000025d3
[ 1338056.357082] 0003 0001 000038ba
[ 1338056.357082] 0003 0018 0000010c
[ 1338056.357082] 0000 0000 00000000
[ 1338056.359057] 0003 0000 000025d0
[ 1338056.359057] 0003 0001 000038ed
[ 1338056.359057] 0003 0018 00000119
[ 1338056.359057] 0000 0000 00000000
[ 1338056.361129] 0003 0000 000025ce
[ 1338056.361129] 0003 0001 0000391f
[ 1338056.361129] 0003 0018 00000117
[ 1338056.361129] 0003 001a ffffffec
[ 1338056.361129] 0000 0000 00000000
[ 1338056.363298] 0003 0000 000025cd
[ 1338056.363298] 0003 0001 0000394e
[ 1338056.363298] 0003 0018 00000119
[ 1338056.363298] 0000 0000 00000000
[ 1338056.365291] 0003 0000 000025cc
[ 1338056.365291] 0003 0001 0000397b
[ 1338056.365291] 0003 0018 0000011d
[ 1338056.365291] 0000 0000 00000000
[ 1338056.367348] 0003 0001 000039a8
[ 1338056.367348] 0003 0018 0000011a
[ 1338056.367348] 0000 0000 00000000
[ 1338056.369412] 0003 0000 000025ce
[ 1338056.369412] 0003 0001 000039d3
[ 1338056.369412] 0003 0018 00000115
[ 1338056.369412] 0000 0000 00000000
[ 1338056.371472] 0003 0000 000025d0
[ 1338056.371472] 0003 0001 000039fc
[ 1338056.371472] 0003 0018 00000125
[ 1338056.371472] 0000 0000 00000000
[ 1338056.373587] 0003 0000 000025d3
[ 1338056.373587] 0003 0001 00003a22
[ 1338056.373587] 0003 0018 0000011e
[ 1338056.373587] 0000 0000 00000000
[ 1338056.375692] 0003 0000 000025db
[ 1338056.375692] 0003 0001 00003a47
[ 1338056.375692] 0003 0018 00000136
[ 1338056.375692] 0000 0000 00000000
[ 1338056.377740] 0003 0000 000025dd
[ 1338056.377740] 0003 0001 00003a6a
[ 1338056.377740] 0003 0018 0000014b
[ 1338056.377740] 0000 0000 00000000
[ 1338056.379802] 0003 0000 000025e0
[ 1338056.379802] 0003 0001 00003a8a
[ 1338056.379802] 0003 0018 00000166
[ 1338056.379802] 0000 0000 00000000
[ 1338056.381841] 0003 0000 000025e9
[ 1338056.381841] 0003 0001 00003aa7
[ 1338056.381841] 0003 0018 0000018a
[ 1338056.381841] 0000 0000 00000000
[ 1338056.384139] 0003 0000 000025ec
[ 1338056.384139] 0003 0001 00003ac2
[ 1338056.384139] 0003 0018 000001ae
[ 1338056.384139] 0000 0000 00000000
[ 1338056.386129] 0003 0000 000025f5
[ 1338056.386129] 0003 0001 00003adb
[ 1338056.386129] 0003 0018 000001c8
[ 1338056.386129] 0000 0000 00000000
[ 1338056.388205] 0003 0000 000025f8
[ 1338056.388205] 0003 0001 00003af2
[ 1338056.388205] 0003 0018 000001f4
[ 1338056.388205] 0000 0000 00000000
[ 1338056.390306] 0003 0000 00002604
[ 1338056.390306] 0003 0001 00003b08
[ 1338056.390306] 0003 0018 0000021b
[ 1338056.390306] 0000 0000 00000000
[ 1338056.392264] 0003 0000 0000260d
[ 1338056.392264] 0003 0001 00003b1c
[ 1338056.392264] 0003 0018 00000240
[ 1338056.392264] 0000 0000 00000000
[ 1338056.394387] 0003 0000 00002616
[ 1338056.394387] 0003 0001 00003b2e
[ 1338056.394387] 0003 0018 00000283
[ 1338056.394387] 0000 0000 00000000
[ 1338056.396520] 0003 0000 00002620
[ 1338056.396520] 0003 0001 00003b3e
[ 1338056.396520] 0003 0018 000002b4
[ 1338056.396520] 0000 0000 00000000
[ 1338056.398472] 0003 0000 00002629
[ 1338056.398472] 0003 0001 00003b4c
[ 1338056.398472] 0003 0018 000002ef
[ 1338056.398472] 0000 0000 00000000
[ 1338056.400509] 0003 0000 00002632
[ 1338056.400509] 0003 0001 00003b57
[ 1338056.400509] 0003 0018 0000032b
[ 1338056.400509] 0000 0000 00000000
[ 1338056.402696] 0003 0000 0000263c
[ 1338056.402696] 0003 0001 00003b63
[ 1338056.402696] 0003 0018 00000364
[ 1338056.402696] 0003 001a ffffffed
[ 1338056.402696] 0000 0000 00000000
[ 1338056.404799] 0003 0000 00002645
[ 1338056.404799] 0003 0001 00003b6d
[ 1338056.404799] 0003 0018 00000385
[ 1338056.404799] 0000 0000 00000000
[ 1338056.406888] 0003 0000 0000264f
[ 1338056.406888] 0003 0001 00003b77
[ 1338056.406888] 0003 0018 000003c0
[ 1338056.406888] 0000 0000 00000000
[ 1338056.408903] 0003 0000 0000265a
[ 1338056.408903] 0003 0001 00003b81
[ 1338056.408903] 0003 0018 000003d3
[ 1338056.408903] 0000 0000 00000000
[ 1338056.410963] 0003 0000 00002667
[ 1338056.410963] 0003 0001 00003b89
[ 1338056.410963] 0003 0018 000003fb
[ 1338056.410963] 0000 0000 00000000
[ 1338056.413081] 0003 0000 00002675
[ 1338056.413081] 0003 0001 00003b92
[ 1338056.413081] 0003 0018 00000424
[ 1338056.413081] 0000 0000 00000000
[ 1338056.414987] 0003 0000 00002683
[ 1338056.414987] 0003 0001 00003b9a
[ 1338056.414987] 0003 0018 00000456
[ 1338056.414987] 0000 0000 00000000
[ 1338056.417180] 0003 0000 00002690
[ 1338056.417180] 0003 0001 00003ba2
[ 1338056.417180] 0003 0018 00000495
[ 1338056.417180] 0000 0000 00000000
[ 1338056.419265] 0003 0000 0000269e
[ 1338056.419265] 0003 0001 00003baa
[ 1338056.419265] 0003 0018 000004db
[ 1338056.419265] 0000 0000 00000000
[ 1338056.421319] 0003 0000 000026ab
[ 1338056.421319] 0003 0001 00003bb2
[ 1338056.421319] 0003 0018 0000050d
[ 1338056.421319] 0000 0000 00000000
[ 1338056.423482] 0003 0000 000026ba
[ 1338056.423482] 0003 0001 00003bb5
[ 1338056.423482] 0003 0018 00000541
[ 1338056.423482] 0000 0000 00000000
[ 1338056.425547] 0003 0000 000026c9
[ 1338056.425547] 0003 0001 00003bc1
[ 1338056.425547] 0003 0018 00000568
[ 1338056.425547] 0003 001b 00000007
[ 1338056.425547] 0000 0000 00000000
[ 1338056.427541] 0003 0000 000026d9
[ 1338056.427541] 0003 0001 00003bc9
[ 1338056.427541] 0003 0018 00000581
[ 1338056.427541] 0000 0000 00000000
[ 1338056.429773] 0003 0000 000026ea
[ 1338056.429773] 0003 0001 00003bcc
[ 1338056.429773] 0003 0018 000005c4
[ 1338056.429773] 0000 0000 00000000
[ 1338056.431689] 0003 0000 000026fd
[ 1338056.431689] 0003 0001 00003bd7
[ 1338056.431689] 0003 0018 000005e1
[ 1338056.431689] 0000 0000 00000000
[ 1338056.433887] 0003 0000 0000270f
[ 1338056.433887] 0003 0001 00003bda
[ 1338056.433887] 0003 0018 00000632
[ 1338056.433887] 0000 0000 00000000
[ 1338056.435955] 0003 0000 00002722
[ 1338056.435955] 0003 0001 00003be4
[ 1338056.435955] 0003 0018 00000652
[ 1338056.435955] 0000 0000 00000000
[ 1338056.437854] 0003 0000 00002734
[ 1338056.437854] 0003 0001 00003be7
[ 1338056.437854] 0003 0018 0000066a
[ 1338056.437854] 0000 0000 00000000
[ 1338056.439956] 0003 0000 00002746
[ 1338056.439956] 0003 0001 00003bf0
[ 1338056.439956] 0003 0018 00000665
[ 1338056.439956] 0000 0000 00000000
[ 1338056.442062] 0003 0000 0000275a
[ 1338056.442062] 0003 0001 00003bf3
[ 1338056.442062] 0003 0018 00000677
[ 1338056.442062] 0000 0000 00000000
[ 1338056.444257] 0003 0000 0000276e
[ 1338056.444257] 0003 0001 00003bfb
[ 1338056.444257] 0003 0018 00000675
[ 1338056.444257] 0000 0000 00000000
[ 1338056.446243] 0003 0000 00002785
[ 1338056.446243] 0003 0001 00003bfe
[ 1338056.446243] 0003 001a ffffffef
[ 1338056.446243] 0000 0000 00000000
[ 1338056.448273] 0003 0000 0000279d
[ 1338056.448273] 0003 0001 00003c01
[ 1338056.448273] 0003 0018 0000068e
[ 1338056.448273] 0003 001a ffffffed
[ 1338056.448273] 0000 0000 00000000
[ 1338056.450321] 0003 0000 000027b6
[ 1338056.450321] 0003 0001 00003c09
[ 1338056.450321] 0003 0018 00000676
[ 1338056.450321] 0003 001a ffffffef
[ 1338056.450321] 0000 0000 00000000
[ 1338056.452482] 0003 0000 000027ce
[ 1338056.452482] 0003 0018 00000682
[ 1338056.452482] 0000 0000 00000000
[ 1338056.454539] 0003 0000 000027e7
[ 1338056.454539] 0003 0001 00003c0c
[ 1338056.454539] 0003 0018 00000691
[ 1338056.454539] 0000 0000 00000000
[ 1338056.456505] 0003 0000 000027fc
[ 1338056.456505] 0003 0001 00003c14
[ 1338056.456505] 0003 0018 00000695
[ 1338056.456505] 0000 0000 00000000
[ 1338056.458631] 0003 0000 00002812
[ 1338056.458631] 0003 0018 0000069c
[ 1338056.458631] 0000 0000 00000000
[ 1338056.460779] 0003 0000 00002829
[ 1338056.460779] 0003 0001 00003c17
[ 1338056.460779] 0003 0018 000006a3
[ 1338056.460779] 0000 0000 00000000
[ 1338056.462879] 0003 0000 00002842
[ 1338056.462879] 0003 0001 00003c19
[ 1338056.462879] 0003 0018 000006a6
[ 1338056.462879] 0000 0000 00000000
[ 1338056.464834] 0003 0000 0000285c
[ 1338056.464834] 0003 0001 00003c1b
[ 1338056.464834] 0003 0018 000006ad
[ 1338056.464834] 0000 0000 00000000
[ 1338056.466943] 0003 0000 00002877
[ 1338056.466943] 0003 0018 000006b0
[ 1338056.466943] 0000 0000 00000000
[ 1338056.469057] 0003 0000 00002892
[ 1338056.469057] 0003 0001 00003c1d
[ 1338056.469057] 0003 0018 000006b5
[ 1338056.469057] 0000 0000 00000000
[ 1338056.471070] 0003 0000 000028ae
[ 1338056.471070] 0003 0018 000006ad
[ 1338056.471070] 0003 001a ffffffed
[ 1338056.471070] 0000 0000 00000000
[ 1338056.473203] 0003 0000 000028cb
[ 1338056.473203] 0003 0018 000006b1
[ 1338056.473203] 0000 0000 00000000
[ 1338056.475193] 0003 0000 000028e6
[ 1338056.475193] 0003 0018 000006ae
[ 1338056.475193] 0000 0000 00000000
[ 1338056.477206] 0003 0000 00002904
[ 1338056.477206] 0003 0018 000006a4
[ 1338056.477206] 0000 0000 00000000
[ 1338056.479457] 0003 0000 0000291c
[ 1338056.479457] 0003 0001 00003c1b
[ 1338056.479457] 0003 0018 0000069d
[ 1338056.479457] 0000 0000 00000000
[ 1338056.481365] 0003 0000 00002935
[ 1338056.481365] 0003 0001 00003c18
[ 1338056.481365] 0003 0018 00000690
[ 1338056.481365] 0003 001a ffffffef
[ 1338056.481365] 0000 0000 00000000
[ 1338056.483675] 0003 0000 0000294f
[ 1338056.483675] 0003 0001 00003c14
[ 1338056.483675] 0003 0018 0000067e
[ 1338056.483675] 0003 001a ffffffed
[ 1338056.483675] 0000 0000 00000000
[ 1338056.485474] 0003 0000 00002968
[ 1338056.485474] 0003 0001 00003c0a
[ 1338056.485474] 0003 0018 00000670
[ 1338056.485474] 0003 001a ffffffef
[ 1338056.485474] 0000 0000 00000000
[ 1338056.487746] 0003 0000 00002983
[ 1338056.487746] 0003 0001 00003c06
[ 1338056.487746] 0003 0018 0000065d
[ 1338056.487746] 0000 0000 00000000
[ 1338056.489719] 0003 0000 0000299e
[ 1338056.489719] 0003 0001 00003bfa
[ 1338056.489719] 0003 0018 00000649
[ 1338056.489719] 0003 001a ffffffed
[ 1338056.489719] 0000 0000 00000000
[ 1338056.491759] 0003 0000 000029b9
[ 1338056.491759] 0003 0001 00003bf0
[ 1338056.491759] 0003 0018 00000632
[ 1338056.491759] 0003 001a ffffffef
[ 1338056.491759] 0000 0000 00000000
[ 1338056.494074] 0003 0000 000029d4
[ 1338056.494074] 0003 0001 00003be4
[ 1338056.494074] 0003 0018 0000061c
[ 1338056.494074] 0003 001a ffffffed
[ 1338056.494074] 0000 0000 00000000
[ 1338056.495964] 0003 0000 000029ee
[ 1338056.495964] 0003 0001 00003bd7
[ 1338056.495964] 0003 0018 00000618
[ 1338056.495964] 0000 0000 00000000
[ 1338056.497969] 0003 0000 00002a07
[ 1338056.497969] 0003 0001 00003bc7
[ 1338056.497969] 0003 0018 0000060d
[ 1338056.497969] 0000 0000 00000000
[ 1338056.500068] 0003 0000 00002a23
[ 1338056.500068] 0003 0001 00003bb8
[ 1338056.500068] 0003 0018 00000605
[ 1338056.500068] 0000 0000 00000000
[ 1338056.502175] 0003 0000 00002a3d
[ 1338056.502175] 0003 0001 00003ba8
[ 1338056.502175] 0003 0018 000005f5
[ 1338056.502175] 0000 0000 00000000
[ 1338056.504319] 0003 0000 00002a55
[ 1338056.504319] 0003 0001 00003b97
[ 1338056.504319] 0003 0018 000005db
[ 1338056.504319] 0000 0000 00000000
[ 1338056.506449] 0003 0000 00002a6e
[ 1338056.506449] 0003 0001 00003b86
[ 1338056.506449] 0003 0018 000005bc
[ 1338056.506449] 0000 0000 00000000
[ 1338056.508510] 0003 0000 00002a85
[ 1338056.508510] 0003 0001 00003b72
[ 1338056.508510] 0003 0018 000005a4
[ 1338056.508510] 0000 0000 00000000
[ 1338056.510652] 0003 0000 00002a9c
[ 1338056.510652] 0003 0001 00003b5b
[ 1338056.510652] 0003 0018 0000058e
[ 1338056.510652] 0000 0000 00000000
[ 1338056.512582] 0003 0000 00002ab3
[ 1338056.512582] 0003 0001 00003b43
[ 1338056.512582] 0003 0018 00000572
[ 1338056.512582] 0000 0000 00000000
[ 1338056.514573] 0003 0000 00002ac9
[ 1338056.514573] 0003 0001 00003b2a
[ 1338056.514573] 0003 0018 0000055f
[ 1338056.514573] 0000 0000 00000000
[ 1338056.516544] 0003 0000 00002ade
[ 1338056.516544] 0003 0001 00003b0f
[ 1338056.516544] 0003 0018 00000539
[ 1338056.516544] 0000 0000 00000000
[ 1338056.518617] 0003 0000 00002af4
[ 1338056.518617] 0003 0001 00003af1
[ 1338056.518617] 0003 0018 00000504
[ 1338056.518617] 0000 0000 00000000
[ 1338056.520815] 0003 0000 00002b07
[ 1338056.520815] 0003 0001 00003ad0
[ 1338056.520815] 0003 0018 000004d2
[ 1338056.520815] 0000 0000 00000000
[ 1338056.522913] 0003 0000 00002b1b
[ 1338056.522913] 0003 0001 00003aac
[ 1338056.522913] 0003 0018 00000491
[ 1338056.522913] 0000 0000 00000000
[ 1338056.524912] 0003 0000 00002b2c
[ 1338056.524912] 0003 0001 00003a86
[ 1338056.524912] 0003 0018 00000457
[ 1338056.524912] 0000 0000 00000000
[ 1338056.527045] 0003 0000 00002b3e
[ 1338056.527045] 0003 0001 00003a5e
[ 1338056.527045] 0003 0018 00000428
[ 1338056.527045] 0000 0000 00000000
[ 1338056.529069] 0003 0000 00002b4e
[ 1338056.529069] 0003 0001 00003a36
[ 1338056.529069] 0003 0018 000003fa
[ 1338056.529069] 0000 0000 00000000
[ 1338056.531061] 0003 0000 00002b5b
[ 1338056.531061] 0003 0001 00003a0c
[ 1338056.531061] 0003 0018 000003dd
[ 1338056.531061] 0000 0000 00000000
[ 1338056.533299] 0003 0000 00002b68
[ 1338056.533299] 0003 0001 000039e1
[ 1338056.533299] 0003 0018 000003c1
[ 1338056.533299] 0000 0000 00000000
[ 1338056.535341] 0003 0000 00002b75
[ 1338056.535341] 0003 0001 000039b5
[ 1338056.535341] 0003 0018 000003ae
[ 1338056.535341] 0000 0000 00000000
[ 1338056.537427] 0003 0000 00002b81
[ 1338056.537427] 0003 0001 00003986
[ 1338056.537427] 0003 0018 0000039b
[ 1338056.537427] 0000 0000 00000000
[ 1338056.539455] 0003 0000 00002b8c
[ 1338056.539455] 0003 0001 00003957
[ 1338056.539455] 0003 0018 00000388
[ 1338056.539455] 0003 001b 00000008
[ 1338056.539455] 0000 0000 00000000
[ 1338056.541687] 0003 0000 00002b97
[ 1338056.541687] 0003 0001 00003927
[ 1338056.541687] 0003 0018 00000380
[ 1338056.541687] 0000 0000 00000000
[ 1338056.543653] 0003 0000 00002b9f
[ 1338056.543653] 0003 0001 000038f7
[ 1338056.543653] 0003 0018 00000379
[ 1338056.543653] 0000 0000 00000000
[ 1338056.545705] 0003 0000 00002ba2
[ 1338056.545705] 0003 0001 000038c6
[ 1338056.545705] 0003 0018 00000375
[ 1338056.545705] 0000 0000 00000000
[ 1338056.547785] 0003 0000 00002baa
[ 1338056.547785] 0003 0001 00003894
[ 1338056.547785] 0000 0000 00000000
[ 1338056.549870] 0003 0000 00002bac
[ 1338056.549870] 0003 0001 00003861
[ 1338056.549870] 0000 0000 00000000
[ 1338056.552088] 0003 0000 00002baf
[ 1338056.552088] 0003 0001 0000382e
[ 1338056.552088] 0003 0018 00000379
[ 1338056.552088] 0000 0000 00000000
[ 1338056.554036] 0003 0000 00002bb2
[ 1338056.554036] 0003 0001 000037fa
[ 1338056.554036] 0003 0018 0000037d
[ 1338056.554036] 0000 0000 00000000
[ 1338056.556207] 0003 0000 00002bb5
[ 1338056.556207] 0003 0001 000037c7
[ 1338056.556207] 0003 0018 0000037e
[ 1338056.556207] 0000 0000 00000000
[ 1338056.558139] 0003 0000 00002bb7
[ 1338056.558139] 0003 0001 00003796
[ 1338056.558139] 0003 0018 00000383
[ 1338056.558139] 0000 0000 00000000
[ 1338056.560361] 0003 0001 00003766
[ 1338056.560361] 0003 0018 00000388
[ 1338056.560361] 0000 0000 00000000
[ 1338056.562491] 0003 0001 00003739
[ 1338056.562491] 0003 0018 0000038f
[ 1338056.562491] 0000 0000 00000000
[ 1338056.564452] 0003 0001 0000370e
[ 1338056.564452] 0003 0018 0000039e
[ 1338056.564452] 0000 0000 00000000
[ 1338056.566583] 0003 0001 000036e5
[ 1338056.566583] 0003 0018 000003b8
[ 1338056.566583] 0000 0000 00000000
[ 1338056.568520] 0003 0001 000036be
[ 1338056.568520] 0003 0018 000003d0
[ 1338056.568520] 0000 0000 00000000
[ 1338056.570745] 0003 0001 00003698
[ 1338056.570745] 0003 0018 000003f7
[ 1338056.570745] 0000 0000 00000000
[ 1338056.572752] 0003 0000 00002bb6
[ 1338056.572752] 0003 0001 00003675
[ 1338056.572752] 0003 0018 00000419
[ 1338056.572752] 0000 0000 00000000
[ 1338056.574673] 0003 0000 00002bb3
[ 1338056.574673] 0003 0001 00003653
[ 1338056.574673] 0003 0018 00000435
[ 1338056.574673] 0003 001a ffffffec
[ 1338056.574673] 0000 0000 00000000
[ 1338056.576848] 0003 0000 00002baf
[ 1338056.576848] 0003 0001 00003632
[ 1338056.576848] 0003 0018 00000451
[ 1338056.576848] 0000 0000 00000000
[ 1338056.578905] 0003 0000 00002ba6
[ 1338056.578905] 0003 0001 00003613
[ 1338056.578905] 0003 0018 00000469
[ 1338056.578905] 0000 0000 00000000
[ 1338056.580870] 0003 0000 00002ba3
[ 1338056.580870] 0003 0001 000035f4
[ 1338056.580870] 0003 0018 0000047d
[ 1338056.580870] 0000 0000 00000000
[ 1338056.582949] 0003 0000 00002b99
[ 1338056.582949] 0003 0001 000035d5
[ 1338056.582949] 0003 0018 00000497
[ 1338056.582949] 0000 0000 00000000
[ 1338056.585060] 0003 0000 00002b90
[ 1338056.585060] 0003 0001 000035b8
[ 1338056.585060] 0003 0018 000004af
[ 1338056.585060] 0000 0000 00000000
[ 1338056.587164] 0003 0000 00002b86
[ 1338056.587164] 0003 0001 0000359a
[ 1338056.587164] 0003 0018 000004c6
[ 1338056.587164] 0000 0000 00000000
[ 1338056.589277] 0003 0000 00002b7a
[ 1338056.589277] 0003 0001 0000357c
[ 1338056.589277] 0003 0018 000004e4
[ 1338056.589277] 0000 0000 00000000
[ 1338056.591380] 0003 0000 00002b6d
[ 1338056.591380] 0003 0001 00003560
[ 1338056.591380] 0003 0018 000004f0
[ 1338056.591380] 0000 0000 00000000
[ 1338056.593535] 0003 0000 00002b61
[ 1338056.593535] 0003 0001 00003544
[ 1338056.593535] 0003 0018 00000503
[ 1338056.593535] 0000 0000 00000000
[ 1338056.595560] 0003 0000 00002b53
[ 1338056.595560] 0003 0001 00003527
[ 1338056.595560] 0003 0018 00000509
[ 1338056.595560] 0000 0000 00000000
[ 1338056.597502] 0003 0000 00002b43
[ 1338056.597502] 0003 0001 0000350a
[ 1338056.597502] 0003 0018 0000050c
[ 1338056.597502] 0000 0000 00000000
[ 1338056.599827] 0003 0000 00002b31
[ 1338056.599827] 0003 0001 000034ed
[ 1338056.599827] 0003 0018 00000513
[ 1338056.599827] 0000 0000 00000000
[ 1338056.601679] 0003 0000 00002b1c
[ 1338056.601679] 0003 0001 000034cf
[ 1338056.601679] 0003 0018 00000519
[ 1338056.601679] 0000 0000 00000000
[ 1338056.603752] 0003 0000 00002b06
[ 1338056.603752] 0003 0001 000034b1
[ 1338056.603752] 0003 0018 00000523
[ 1338056.603752] 0000 0000 00000000
[ 1338056.605842] 0003 0000 00002aed
[ 1338056.605842] 0003 0001 00003492
[ 1338056.605842] 0003 0018 0000052d
[ 1338056.605842] 0000 0000 00000000
[ 1338056.607975] 0003 0000 00002ad0
[ 1338056.607975] 0003 0001 00003472
[ 1338056.607975] 0003 0018 0000053e
[ 1338056.607975] 0000 0000 00000000
[ 1338056.609968] 0003 0000 00002ab1
[ 1338056.609968] 0003 0001 00003451
[ 1338056.609968] 0003 0018 00000548
[ 1338056.609968] 0003 001b 0000000a
[ 1338056.609968] 0000 0000 00000000
[ 1338056.612130] 0003 0000 00002a8f
[ 1338056.612130] 0003 0001 00003430
[ 1338056.612130] 0003 0018 00000555
[ 1338056.612130] 0000 0000 00000000
[ 1338056.614046] 0003 0000 00002a69
[ 1338056.614046] 0003 0001 0000340e
[ 1338056.614046] 0003 0018 0000055c
[ 1338056.614046] 0000 0000 00000000
[ 1338056.616273] 0003 0000 00002a40
[ 1338056.616273] 0003 0001 000033eb
[ 1338056.616273] 0003 0018 00000556
[ 1338056.616273] 0000 0000 00000000
[ 1338056.618556] 0003 0000 00002a15
[ 1338056.618556] 0003 0001 000033c7
[ 1338056.618556] 0003 0018 00000557
[ 1338056.618556] 0000 0000 00000000
[ 1338056.620517] 0003 0000 000029e7
[ 1338056.620517] 0003 0001 000033a3
[ 1338056.620517] 0003 0018 00000553
[ 1338056.620517] 0000 0000 00000000
[ 1338056.622645] 0003 0000 000029ba
[ 1338056.622645] 0003 0001 0000337e
[ 1338056.622645] 0003 0018 00000552
[ 1338056.622645] 0000 0000 00000000
[ 1338056.624521] 0003 0000 0000298d
[ 1338056.624521] 0003 0001 00003359
[ 1338056.624521] 0003 0018 00000558
[ 1338056.624521] 0000 0000 00000000
[ 1338056.626919] 0003 0000 0000295c
[ 1338056.626919] 0003 0001 00003333
[ 1338056.626919] 0000 0000 00000000
[ 1338056.628738] 0003 0000 0000292b
[ 1338056.628738] 0003 0001 0000330d
[ 1338056.628738] 0003 0018 0000055e
[ 1338056.628738] 0000 0000 00000000
[ 1338056.630768] 0003 0000 000028f4
[ 1338056.630768] 0003 0001 000032e8
[ 1338056.630768] 0003 0018 00000554
[ 1338056.630768] 0000 0000 00000000
[ 1338056.632883] 0003 0000 000028bd
[ 1338056.632883] 0003 0001 000032c4
[ 1338056.632883] 0003 0018 0000054e
[ 1338056.632883] 0000 0000 00000000
[ 1338056.634919] 0003 0000 00002886
[ 1338056.634919] 0003 0001 000032a1
[ 1338056.634919] 0003 0018 00000549
[ 1338056.634919] 0000 0000 00000000
[ 1338056.636925] 0003 0000 0000284d
[ 1338056.636925] 0003 0001 0000327d
[ 1338056.636925] 0003 0018 0000053c
[ 1338056.636925] 0000 0000 00000000
[ 1338056.639009] 0003 0000 00002817
[ 1338056.639009] 0003 0001 0000325a
[ 1338056.639009] 0003 0018 0000053a
[ 1338056.639009] 0003 001a ffffffed
[ 1338056.639009] 0003 001b 0000000b
[ 1338056.639009] 0000 0000 00000000
[ 1338056.641106] 0003 0000 000027e2
[ 1338056.641106] 0003 0001 0000323a
[ 1338056.641106] 0003 0018 0000052d
[ 1338056.641106] 0000 0000 00000000
[ 1338056.643185] 0003 0000 000027ae
[ 1338056.643185] 0003 0001 0000321b
[ 1338056.643185] 0003 0018 00000534
[ 1338056.643185] 0000 0000 00000000
[ 1338056.645286] 0003 0000 0000277e
[ 1338056.645286] 0003 0001 000031fe
[ 1338056.645286] 0003 0018 00000517
[ 1338056.645286] 0000 0000 00000000
[ 1338056.647348] 0003 0000 0000274f
[ 1338056.647348] 0003 0001 000031e5
[ 1338056.647348] 0003 0018 00000510
[ 1338056.647348] 0000 0000 00000000
[ 1338056.649352] 0003 0000 0000271d
[ 1338056.649352] 0003 0001 000031ce
[ 1338056.649352] 0003 0018 000004f2
[ 1338056.649352] 0000 0000 00000000
[ 1338056.651553] 0003 0000 000026eb
[ 1338056.651553] 0003 0001 000031b8
[ 1338056.651553] 0003 0018 000004cb
[ 1338056.651553] 0000 0000 00000000
[ 1338056.653641] 0003 0000 000026b8
[ 1338056.653641] 0003 0001 000031a4
[ 1338056.653641] 0003 0018 00000493
[ 1338056.653641] 0000 0000 00000000
[ 1338056.655640] 0003 0000 00002685
[ 1338056.655640] 0003 0001 00003192
[ 1338056.655640] 0003 0018 0000045c
[ 1338056.655640] 0000 0000 00000000
[ 1338056.657710] 0003 0000 00002654
[ 1338056.657710] 0003 0001 00003183
[ 1338056.657710] 0003 0018 00000427
[ 1338056.657710] 0000 0000 00000000
[ 1338056.659853] 0003 0000 00002625
[ 1338056.659853] 0003 0001 00003178
[ 1338056.659853] 0003 0018 000003dc
[ 1338056.659853] 0003 001b 0000000c
[ 1338056.659853] 0000 0000 00000000
[ 1338056.662120] 0003 0000 000025f9
[ 1338056.662120] 0003 0001 0000316f
[ 1338056.662120] 0003 0018 000003c3
[ 1338056.662120] 0000 0000 00000000
[ 1338056.663969] 0003 0000 000025ce
[ 1338056.663969] 0003 0001 0000316c
[ 1338056.663969] 0003 0018 00000377
[ 1338056.663969] 0000 0000 00000000
[ 1338056.665972] 0003 0000 000025a6
[ 1338056.665972] 0003 0001 00003168
[ 1338056.665972] 0003 0018 00000358
[ 1338056.665972] 0000 0000 00000000
[ 1338056.667961] 0003 0000 0000257d
[ 1338056.667961] 0003 0001 00003166
[ 1338056.667961] 0003 0018 00000338
[ 1338056.667961] 0000 0000 00000000
[ 1338056.670141] 0003 0000 00002554
[ 1338056.670141] 0003 0018 0000031f
[ 1338056.670141] 0000 0000 00000000
[ 1338056.672233] 0003 0000 0000252a
[ 1338056.672233] 0003 0018 00000316
[ 1338056.672233] 0003 001a ffffffef
[ 1338056.672233] 0000 0000 00000000
[ 1338056.674343] 0003 0000 000024ff
[ 1338056.674343] 0003 0001 00003170
[ 1338056.674343] 0003 0018 00000307
[ 1338056.674343] 0000 0000 00000000
[ 1338056.676306] 0003 0000 000024d5
[ 1338056.676306] 0003 0001 00003179
[ 1338056.676306] 0003 0018 000002ec
[ 1338056.676306] 0000 0000 00000000
[ 1338056.678527] 0003 0000 000024ab
[ 1338056.678527] 0003 0001 00003185
[ 1338056.678527] 0003 0018 000002db
[ 1338056.678527] 0003 001b 0000000d
[ 1338056.678527] 0000 0000 00000000
[ 1338056.680532] 0003 0000 00002482
[ 1338056.680532] 0003 0001 00003191
[ 1338056.680532] 0003 0018 000002d3
[ 1338056.680532] 0000 0000 00000000
[ 1338056.682651] 0003 0000 00002457
[ 1338056.682651] 0003 0001 0000319e
[ 1338056.682651] 0003 0018 000002c0
[ 1338056.682651] 0000 0000 00000000
[ 1338056.684686] 0003 0000 0000242c
[ 1338056.684686] 0003 0001 000031ad
[ 1338056.684686] 0003 0018 000002c6
[ 1338056.684686] 0000 0000 00000000
[ 1338056.686812] 0003 0000 000023ff
[ 1338056.686812] 0003 0001 000031bd
[ 1338056.686812] 0003 0018 000002cc
[ 1338056.686812] 0000 0000 00000000
[ 1338056.688813] 0003 0000 000023d2
[ 1338056.688813] 0003 0001 000031ce
[ 1338056.688813] 0003 0018 000002d1
[ 1338056.688813] 0000 0000 00000000
[ 1338056.691188] 0003 0000 000023a6
[ 1338056.691188] 0003 0001 000031e4
[ 1338056.691188] 0003 0018 000002da
[ 1338056.691188] 0000 0000 00000000
[ 1338056.693008] 0003 0000 00002379
[ 1338056.693008] 0003 0001 000031fc
[ 1338056.693008] 0003 0018 000002dd
[ 1338056.693008] 0000 0000 00000000
[ 1338056.695013] 0003 0000 0000234c
[ 1338056.695013] 0003 0001 00003214
[ 1338056.695013] 0003 0018 000002d5
[ 1338056.695013] 0003 001a fffffff0
[ 1338056.695013] 0000 0000 00000000
[ 1338056.697228] 0003 0000 0000231d
[ 1338056.697228] 0003 0001 0000322e
[ 1338056.697228] 0003 0018 000002da
[ 1338056.697228] 0000 0000 00000000
[ 1338056.699277] 0003 0000 000022f1
[ 1338056.699277] 0003 0001 00003248
[ 1338056.699277] 0003 0018 000002e0
[ 1338056.699277] 0000 0000 00000000
[ 1338056.701251] 0003 0000 000022c4
[ 1338056.701251] 0003 0001 00003263
[ 1338056.701251] 0003 0018 000002d9
[ 1338056.701251] 0000 0000 00000000
[ 1338056.703384] 0003 0000 00002296
[ 1338056.703384] 0003 0001 0000327f
[ 1338056.703384] 0003 0018 000002d1
[ 1338056.703384] 0003 001b 0000000f
[ 1338056.703384] 0000 0000 00000000
[ 1338056.705509] 0003 0000 00002269
[ 1338056.705509] 0003 0001 0000329c
[ 1338056.705509] 0003 0018 000002c5
[ 1338056.705509] 0000 0000 00000000
[ 1338056.707524] 0003 0000 0000223f
[ 1338056.707524] 0003 0001 000032ba
[ 1338056.707524] 0003 0018 000002b4
[ 1338056.707524] 0000 0000 00000000
[ 1338056.709568] 0003 0000 00002216
[ 1338056.709568] 0003 0001 000032d9
[ 1338056.709568] 0003 0018 000002b7
[ 1338056.709568] 0000 0000 00000000
[ 1338056.711676] 0003 0000 000021ef
[ 1338056.711676] 0003 0001 000032f9
[ 1338056.711676] 0003 0018 000002b6
[ 1338056.711676] 0000 0000 00000000
[ 1338056.713784] 0003 0000 000021ca
[ 1338056.713784] 0003 0001 0000331b
[ 1338056.713784] 0003 0018 000002b5
[ 1338056.713784] 0003 001a fffffff1
[ 1338056.713784] 0000 0000 00000000
[ 1338056.715769] 0003 0000 000021a7
[ 1338056.715769] 0003 0001 0000333e
[ 1338056.715769] 0003 0018 000002b0
[ 1338056.715769] 0000 0000 00000000
[ 1338056.717832] 0003 0000 00002183
[ 1338056.717832] 0003 0001 00003362
[ 1338056.717832] 0003 0018 000002a7
[ 1338056.717832] 0000 0000 00000000
[ 1338056.719966] 0003 0000 00002161
[ 1338056.719966] 0003 0001 00003387
[ 1338056.719966] 0003 0018 000002a4
[ 1338056.719966] 0000 0000 00000000
[ 1338056.721939] 0003 0000 00002140
[ 1338056.721939] 0003 0001 000033ab
[ 1338056.721939] 0003 0018 0000029d
[ 1338056.721939] 0000 0000 00000000
[ 1338056.724076] 0003 0000 00002120
[ 1338056.724076] 0003 0001 000033d0
[ 1338056.724076] 0003 0018 0000029a
[ 1338056.724076] 0000 0000 00000000
[ 1338056.726100] 0003 0000 00002103
[ 1338056.726100] 0003 0001 000033f5
[ 1338056.726100] 0003 0018 0000029b
[ 1338056.726100] 0000 0000 00000000
[ 1338056.728218] 0003 0000 000020e8
[ 1338056.728218] 0003 0001 0000341b
[ 1338056.728218] 0003 0018 0000029c
[ 1338056.728218] 0000 0000 00000000
[ 1338056.730243] 0003 0000 000020ce
[ 1338056.730243] 0003 0001 00003441
[ 1338056.730243] 0000 0000 00000000
[ 1338056.732230] 0003 0000 000020b4
[ 1338056.732230] 0003 0001 00003468
[ 1338056.732230] 0003 0018 000002a0
[ 1338056.732230] 0000 0000 00000000
[ 1338056.734398] 0003 0000 00002099
[ 1338056.734398] 0003 0001 0000348f
[ 1338056.734398] 0003 0018 0000029f
[ 1338056.734398] 0003 001b 00000010
[ 1338056.734398] 0000 0000 00000000
[ 1338056.736528] 0003 0000 0000207f
[ 1338056.736528] 0003 0001 000034b8
[ 1338056.736528] 0003 0018 000002a2
[ 1338056.736528] 0000 0000 00000000
[ 1338056.738546] 0003 0000 00002065
[ 1338056.738546] 0003 0001 000034e1
[ 1338056.738546] 0003 0018 000002a4
[ 1338056.738546] 0003 001a fffffff3
[ 1338056.738546] 0000 0000 00000000
[ 1338056.740660] 0003 0000 0000204c
[ 1338056.740660] 0003 0001 0000350a
[ 1338056.740660] 0003 0018 000002ad
[ 1338056.740660] 0000 0000 00000000
[ 1338056.742709] 0003 0000 00002035
[ 1338056.742709] 0003 0001 00003533
[ 1338056.742709] 0003 0018 000002bb
[ 1338056.742709] 0000 0000 00000000
[ 1338056.744692] 0003 0000 0000201d
[ 1338056.744692] 0003 0001 0000355b
[ 1338056.744692] 0003 0018 000002c2
[ 1338056.744692] 0000 0000 00000000
[ 1338056.746834] 0003 0000 00002006
[ 1338056.746834] 0003 0001 00003584
[ 1338056.746834] 0003 0018 000002d3
[ 1338056.746834] 0000 0000 00000000
[ 1338056.748958] 0003 0000 00001ff2
[ 1338056.748958] 0003 0001 000035ae
[ 1338056.748958] 0003 0018 000002d9
[ 1338056.748958] 0000 0000 00000000
[ 1338056.750989] 0003 0000 00001fdc
[ 1338056.750989] 0003 0001 000035d9
[ 1338056.750989] 0003 0018 000002e1
[ 1338056.750989] 0000 0000 00000000
[ 1338056.753128] 0003 0000 00001fc7
[ 1338056.753128] 0003 0001 00003604
[ 1338056.753128] 0003 0018 000002e3
[ 1338056.753128] 0000 0000 00000000
[ 1338056.755079] 0003 0000 00001fb2
[ 1338056.755079] 0003 0001 0000362e
[ 1338056.755079] 0003 0018 000002ea
[ 1338056.755079] 0000 0000 00000000
[ 1338056.757220] 0003 0000 00001f9d
[ 1338056.757220] 0003 0001 00003656
[ 1338056.757220] 0003 0018 000002e5
[ 1338056.757220] 0000 0000 00000000
[ 1338056.759340] 0003 0000 00001f88
[ 1338056.759340] 0003 0001 0000367f
[ 1338056.759340] 0003 0018 000002e7
[ 1338056.759340] 0003 001a fffffff4
[ 1338056.759340] 0000 0000 00000000
[ 1338056.761384] 0003 0000 00001f74
[ 1338056.761384] 0003 0001 000036a9
[ 1338056.761384] 0003 0018 000002eb
[ 1338056.761384] 0000 0000 00000000
[ 1338056.763498] 0003 0000 00001f5f
[ 1338056.763498] 0003 0001 000036d3
[ 1338056.763498] 0003 0018 000002ea
[ 1338056.763498] 0000 0000 00000000
[ 1338056.765454] 0003 0000 00001f4b
[ 1338056.765454] 0003 0001 000036ff
[ 1338056.765454] 0003 0018 000002f5
[ 1338056.765454] 0000 0000 00000000
[ 1338056.767579] 0003 0000 00001f39
[ 1338056.767579] 0003 0001 0000372c
[ 1338056.767579] 0003 0018 000002f9
[ 1338056.767579] 0000 0000 00000000
[ 1338056.769705] 0003 0000 00001f26
[ 1338056.769705] 0003 0001 0000375a
[ 1338056.769705] 0003 0018 00000300
[ 1338056.769705] 0000 0000 00000000
[ 1338056.771711] 0003 0000 00001f12
[ 1338056.771711] 0003 0001 0000378b
[ 1338056.771711] 0003 0018 0000030d
[ 1338056.771711] 0000 0000 00000000
[ 1338056.773848] 0003 0000 00001efe
[ 1338056.773848] 0003 0001 000037bc
[ 1338056.773848] 0003 0018 00000312
[ 1338056.773848] 0000 0000 00000000
[ 1338056.775950] 0003 0000 00001eea
[ 1338056.775950] 0003 0001 000037f0
[ 1338056.775950] 0003 0018 00000316
[ 1338056.775950] 0000 0000 00000000
[ 1338056.778004] 0003 0000 00001ed7
[ 1338056.778004] 0003 0001 00003826
[ 1338056.778004] 0003 0018 00000320
[ 1338056.778004] 0000 0000 00000000
[ 1338056.779888] 0003 0000 00001ec5
[ 1338056.779888] 0003 0001 0000385d
[ 1338056.779888] 0003 0018 0000031b
[ 1338056.779888] 0003 001b 00000011
[ 1338056.779888] 0000 0000 00000000
[ 1338056.782045] 0003 0000 00001eb7
[ 1338056.782045] 0003 0001 00003895
[ 1338056.782045] 0003 0018 00000324
[ 1338056.782045] 0000 0000 00000000
[ 1338056.784265] 0003 0000 00001eac
[ 1338056.784265] 0003 0001 000038ce
[ 1338056.784265] 0003 0018 00000329
[ 1338056.784265] 0003 001a fffffff5
[ 1338056.784265] 0000 0000 00000000
[ 1338056.786237] 0003 0000 00001ea2
[ 1338056.786237] 0003 0001 00003908
[ 1338056.786237] 0003 0018 00000327
[ 1338056.786237] 0000 0000 00000000
[ 1338056.788223] 0003 0000 00001e9e
[ 1338056.788223] 0003 0001 00003943
[ 1338056.788223] 0003 0018 00000325
[ 1338056.788223] 0000 0000 00000000
[ 1338056.790346] 0003 0000 00001e93
[ 1338056.790346] 0003 0001 00003980
[ 1338056.790346] 0003 0018 00000324
[ 1338056.790346] 0000 0000 00000000
[ 1338056.792600] 0003 0000 00001e91
[ 1338056.792600] 0003 0001 000039be
[ 1338056.792600] 0003 0018 00000316
[ 1338056.792600] 0000 0000 00000000
[ 1338056.794536] 0003 0000 00001e8f
[ 1338056.794536] 0003 0001 000039fd
[ 1338056.794536] 0003 0018 00000314
[ 1338056.794536] 0000 0000 00000000
[ 1338056.796611] 0003 0001 00003a3d
[ 1338056.796611] 0003 0018 0000030e
[ 1338056.796611] 0000 0000 00000000
[ 1338056.798639] 0003 0001 00003a7e
[ 1338056.798639] 0003 0018 00000309
[ 1338056.798639] 0000 0000 00000000
[ 1338056.800687] 0003 0000 00001e91
[ 1338056.800687] 0003 0001 00003ac0
[ 1338056.800687] 0003 0018 0000030b
[ 1338056.800687] 0000 0000 00000000
[ 1338056.802709] 0003 0000 00001e99
[ 1338056.802709] 0003 0001 00003b01
[ 1338056.802709] 0003 0018 000002ff
[ 1338056.802709] 0000 0000 00000000
[ 1338056.804752] 0003 0000 00001e9b
[ 1338056.804752] 0003 0001 00003b41
[ 1338056.804752] 0003 0018 000002f9
[ 1338056.804752] 0000 0000 00000000
[ 1338056.806805] 0003 0000 00001ea5
[ 1338056.806805] 0003 0001 00003b7e
[ 1338056.806805] 0003 0018 000002ed
[ 1338056.806805] 0000 0000 00000000
[ 1338056.808913] 0003 0000 00001eae
[ 1338056.808913] 0003 0001 00003bbb
[ 1338056.808913] 0003 0018 000002db
[ 1338056.808913] 0000 0000 00000000
[ 1338056.811002] 0003 0000 00001eb7
[ 1338056.811002] 0003 0001 00003bf5
[ 1338056.811002] 0003 0018 000002ce
[ 1338056.811002] 0000 0000 00000000
[ 1338056.813116] 0003 0000 00001ec1
[ 1338056.813116] 0003 0001 00003c30
[ 1338056.813116] 0003 0018 000002c4
[ 1338056.813116] 0000 0000 00000000
[ 1338056.815169] 0003 0000 00001ecb
[ 1338056.815169] 0003 0001 00003c6b
[ 1338056.815169] 0003 0018 000002ac
[ 1338056.815169] 0000 0000 00000000
[ 1338056.817268] 0003 0000 00001ed5
[ 1338056.817268] 0003 0001 00003ca4
[ 1338056.817268] 0003 0018 000002ab
[ 1338056.817268] 0000 0000 00000000
[ 1338056.819281] 0003 0000 00001ee0
[ 1338056.819281] 0003 0001 00003cd9
[ 1338056.819281] 0003 0018 000002a5
[ 1338056.819281] 0000 0000 00000000
[ 1338056.821398] 0003 0000 00001eec
[ 1338056.821398] 0003 0001 00003d0c
[ 1338056.821398] 0003 0018 000002a3
[ 1338056.821398] 0000 0000 00000000
[ 1338056.823463] 0003 0000 00001ef9
[ 1338056.823463] 0003 0001 00003d3d
[ 1338056.823463] 0003 0018 000002a6
[ 1338056.823463] 0003 001a fffffff6
[ 1338056.823463] 0000 0000 00000000
[ 1338056.825623] 0003 0000 00001f06
[ 1338056.825623] 0003 0001 00003d6d
[ 1338056.825623] 0000 0000 00000000
[ 1338056.827633] 0003 0000 00001f13
[ 1338056.827633] 0003 0001 00003d9c
[ 1338056.827633] 0003 0018 000002a2
[ 1338056.827633] 0000 0000 00000000
[ 1338056.829664] 0003 0000 00001f21
[ 1338056.829664] 0003 0001 00003dc9
[ 1338056.829664] 0003 0018 000002a1
[ 1338056.829664] 0000 0000 00000000
[ 1338056.831837] 0003 0000 00001f2f
[ 1338056.831837] 0003 0001 00003df4
[ 1338056.831837] 0003 0018 0000029f
[ 1338056.831837] 0000 0000 00000000
[ 1338056.833859] 0003 0000 00001f3e
[ 1338056.833859] 0003 0001 00003e1d
[ 1338056.833859] 0003 0018 00000296
[ 1338056.833859] 0000 0000 00000000
[ 1338056.835965] 0003 0000 00001f4c
[ 1338056.835965] 0003 0001 00003e45
[ 1338056.835965] 0003 0018 00000295
[ 1338056.835965] 0000 0000 00000000
[ 1338056.838068] 0003 0000 00001f5c
[ 1338056.838068] 0003 0001 00003e6b
[ 1338056.838068] 0003 0018 00000282
[ 1338056.838068] 0000 0000 00000000
[ 1338056.840105] 0003 0000 00001f6c
[ 1338056.840105] 0003 0001 00003e92
[ 1338056.840105] 0000 0000 00000000
[ 1338056.842120] 0003 0000 00001f7d
[ 1338056.842120] 0003 0001 00003eb8
[ 1338056.842120] 0003 0018 00000285
[ 1338056.842120] 0000 0000 00000000
[ 1338056.844173] 0003 0000 00001f8f
[ 1338056.844173] 0003 0001 00003ede
[ 1338056.844173] 0003 0018 0000028c
[ 1338056.844173] 0000 0000 00000000
[ 1338056.846372] 0003 0000 00001fa2
[ 1338056.846372] 0003 0001 00003f04
[ 1338056.846372] 0003 0018 00000292
[ 1338056.846372] 0000 0000 00000000
[ 1338056.848475] 0003 0000 00001fb6
[ 1338056.848475] 0003 0001 00003f2a
[ 1338056.848475] 0003 0018 00000297
[ 1338056.848475] 0000 0000 00000000
[ 1338056.850468] 0003 0000 00001fca
[ 1338056.850468] 0003 0001 00003f4e
[ 1338056.850468] 0003 0018 00000293
[ 1338056.850468] 0000 0000 00000000
[ 1338056.852549] 0003 0000 00001fdf
[ 1338056.852549] 0003 0001 00003f72
[ 1338056.852549] 0003 0018 00000296
[ 1338056.852549] 0000 0000 00000000
[ 1338056.854691] 0003 0000 00001ff5
[ 1338056.854691] 0003 0001 00003f96
[ 1338056.854691] 0003 0018 0000029e
[ 1338056.854691] 0000 0000 00000000
[ 1338056.856900] 0003 0000 0000200b
[ 1338056.856900] 0003 0001 00003fb9
[ 1338056.856900] 0003 0018 000002a4
[ 1338056.856900] 0000 0000 00000000
[ 1338056.858839] 0003 0000 00002021
[ 1338056.858839] 0003 0001 00003fdc
[ 1338056.858839] 0003 0018 000002ab
[ 1338056.858839] 0000 0000 00000000
[ 1338056.860830] 0003 0000 00002038
[ 1338056.860830] 0003 0001 00003ffd
[ 1338056.860830] 0003 0018 000002ac
[ 1338056.860830] 0000 0000 00000000
[ 1338056.862885] 0003 0000 00002050
[ 1338056.862885] 0003 0001 0000401f
[ 1338056.862885] 0003 0018 000002b4
[ 1338056.862885] 0000 0000 00000000
[ 1338056.865080] 0003 0000 00002069
[ 1338056.865080] 0003 0001 0000403e
[ 1338056.865080] 0003 0018 000002b8
[ 1338056.865080] 0000 0000 00000000
[ 1338056.867085] 0003 0000 00002082
[ 1338056.867085] 0003 0001 0000405c
[ 1338056.867085] 0003 0018 000002bb
[ 1338056.867085] 0000 0000 00000000
[ 1338056.869097] 0003 0000 0000209b
[ 1338056.869097] 0003 0001 0000407b
[ 1338056.869097] 0003 0018 000002bd
[ 1338056.869097] 0000 0000 00000000
[ 1338056.871208] 0003 0000 000020b3
[ 1338056.871208] 0003 0001 00004099
[ 1338056.871208] 0003 0018 000002bb
[ 1338056.871208] 0000 0000 00000000
[ 1338056.873239] 0003 0000 000020ca
[ 1338056.873239] 0003 0001 000040b7
[ 1338056.873239] 0003 0018 000002b7
[ 1338056.873239] 0000 0000 00000000
[ 1338056.875252] 0003 0000 000020e0
[ 1338056.875252] 0003 0001 000040d5
[ 1338056.875252] 0003 0018 000002bb
[ 1338056.875252] 0000 0000 00000000
[ 1338056.877341] 0003 0000 000020f4
[ 1338056.877341] 0003 0001 000040f3
[ 1338056.877341] 0003 0018 000002c3
[ 1338056.877341] 0000 0000 00000000
[ 1338056.879588] 0003 0000 00002107
[ 1338056.879588] 0003 0001 00004112
[ 1338056.879588] 0003 0018 000002d3
[ 1338056.879588] 0000 0000 00000000
[ 1338056.881589] 0003 0000 0000211b
[ 1338056.881589] 0003 0001 00004131
[ 1338056.881589] 0003 0018 000002ea
[ 1338056.881589] 0000 0000 00000000
[ 1338056.883630] 0003 0000 0000212e
[ 1338056.883630] 0003 0001 00004150
[ 1338056.883630] 0003 0018 00000302
[ 1338056.883630] 0003 001b 00000010
[ 1338056.883630] 0000 0000 00000000
[ 1338056.885790] 0003 0000 0000213f
[ 1338056.885790] 0003 0001 0000416f
[ 1338056.885790] 0003 0018 0000031a
[ 1338056.885790] 0000 0000 00000000
[ 1338056.887782] 0003 0000 00002152
[ 1338056.887782] 0003 0001 0000418f
[ 1338056.887782] 0003 0018 00000330
[ 1338056.887782] 0000 0000 00000000
[ 1338056.890039] 0003 0000 00002164
[ 1338056.890039] 0003 0001 000041af
[ 1338056.890039] 0003 0018 00000344
[ 1338056.890039] 0000 0000 00000000
[ 1338056.892181] 0003 0000 00002173
[ 1338056.892181] 0003 0001 000041ce
[ 1338056.892181] 0003 0018 00000355
[ 1338056.892181] 0000 0000 00000000
[ 1338056.894210] 0003 0000 00002180
[ 1338056.894210] 0003 0001 000041ed
[ 1338056.894210] 0003 0018 00000361
[ 1338056.894210] 0000 0000 00000000
[ 1338056.896133] 0003 0000 0000218e
[ 1338056.896133] 0003 0001 0000420c
[ 1338056.896133] 0003 0018 0000036c
[ 1338056.896133] 0000 0000 00000000
[ 1338056.898308] 0003 0000 0000219a
[ 1338056.898308] 0003 0001 0000422a
[ 1338056.898308] 0003 0018 0000036e
[ 1338056.898308] 0000 0000 00000000
[ 1338056.900281] 0003 0000 000021a6
[ 1338056.900281] 0003 0001 00004249
[ 1338056.900281] 0003 0018 00000370
[ 1338056.900281] 0000 0000 00000000
[ 1338056.902466] 0003 0000 000021b0
[ 1338056.902466] 0003 0001 00004268
[ 1338056.902466] 0003 0018 0000036f
[ 1338056.902466] 0000 0000 00000000
[ 1338056.904496] 0003 0000 000021b9
[ 1338056.904496] 0003 0001 00004287
[ 1338056.904496] 0003 0018 0000036e
[ 1338056.904496] 0000 0000 00000000
[ 1338056.906641] 0003 0000 000021bc
[ 1338056.906641] 0003 0001 000042a8
[ 1338056.906641] 0003 0018 0000036c
[ 1338056.906641] 0000 0000 00000000
[ 1338056.908803] 0003 0000 000021c8
[ 1338056.908803] 0003 0001 000042c9
[ 1338056.908803] 0003 0018 0000036e
[ 1338056.908803] 0000 0000 00000000
[ 1338056.910710] 0003 0000 000021d0
[ 1338056.910710] 0003 0001 000042eb
[ 1338056.910710] 0003 0018 00000367
[ 1338056.910710] 0000 0000 00000000
[ 1338056.912868] 0003 0000 000021d8
[ 1338056.912868] 0003 0001 0000430f
[ 1338056.912868] 0003 0018 0000035c
[ 1338056.912868] 0000 0000 00000000
[ 1338056.914743] 0003 0000 000021e0
[ 1338056.914743] 0003 0001 00004335
[ 1338056.914743] 0003 0018 00000358
[ 1338056.914743] 0000 0000 00000000
[ 1338056.916793] 0003 0000 000021e9
[ 1338056.916793] 0003 0001 0000435e
[ 1338056.916793] 0003 0018 0000034b
[ 1338056.916793] 0000 0000 00000000
[ 1338056.918964] 0003 0000 000021f2
[ 1338056.918964] 0003 0001 0000438a
[ 1338056.918964] 0003 0018 00000348
[ 1338056.918964] 0003 001a fffffff8
[ 1338056.918964] 0000 0000 00000000
[ 1338056.921032] 0003 0000 000021fc
[ 1338056.921032] 0003 0001 000043b8
[ 1338056.921032] 0003 0018 00000346
[ 1338056.921032] 0000 0000 00000000
[ 1338056.923230] 0003 0000 00002205
[ 1338056.923230] 0003 0001 000043e7
[ 1338056.923230] 0003 0018 0000034b
[ 1338056.923230] 0000 0000 00000000
[ 1338056.925198] 0003 0000 0000220e
[ 1338056.925198] 0003 0001 00004418
[ 1338056.925198] 0003 0018 0000034d
[ 1338056.925198] 0000 0000 00000000
[ 1338056.927311] 0003 0000 00002217
[ 1338056.927311] 0003 0001 00004449
[ 1338056.927311] 0003 0018 00000350
[ 1338056.927311] 0000 0000 00000000
[ 1338056.929501] 0003 0000 00002220
[ 1338056.929501] 0003 0001 0000447a
[ 1338056.929501] 0003 0018 00000354
[ 1338056.929501] 0000 0000 00000000
[ 1338056.931516] 0003 0000 00002228
[ 1338056.931516] 0003 0001 000044ab
[ 1338056.931516] 0003 0018 0000034f
[ 1338056.931516] 0000 0000 00000000
[ 1338056.933625] 0003 0000 0000222b
[ 1338056.933625] 0003 0001 000044dc
[ 1338056.933625] 0003 0018 00000350
[ 1338056.933625] 0000 0000 00000000
[ 1338056.935636] 0003 0000 00002234
[ 1338056.935636] 0003 0001 0000450c
[ 1338056.935636] 0003 0018 0000034e
[ 1338056.935636] 0000 0000 00000000
[ 1338056.937616] 0003 0000 00002236
[ 1338056.937616] 0003 0001 0000453c
[ 1338056.937616] 0003 0018 00000353
[ 1338056.937616] 0000 0000 00000000
[ 1338056.939657] 0003 0000 00002239
[ 1338056.939657] 0003 0001 0000456b
[ 1338056.939657] 0003 0018 00000352
[ 1338056.939657] 0000 0000 00000000
[ 1338056.941821] 0003 0000 00002241
[ 1338056.941821] 0003 0001 0000459a
[ 1338056.941821] 0003 0018 00000355
[ 1338056.941821] 0000 0000 00000000
[ 1338056.943786] 0003 0000 00002243
[ 1338056.943786] 0003 0001 000045c7
[ 1338056.943786] 0003 0018 00000354
[ 1338056.943786] 0000 0000 00000000
[ 1338056.946025] 0003 0000 00002246
[ 1338056.946025] 0003 0001 000045f3
[ 1338056.946025] 0003 0018 00000358
[ 1338056.946025] 0000 0000 00000000
[ 1338056.948246] 0003 0000 00002248
[ 1338056.948246] 0003 0001 0000461f
[ 1338056.948246] 0003 0018 00000353
[ 1338056.948246] 0000 0000 00000000
[ 1338056.950078] 0003 0001 0000464a
[ 1338056.950078] 0003 0018 00000354
[ 1338056.950078] 0000 0000 00000000
[ 1338056.952281] 0003 0000 0000224a
[ 1338056.952281] 0003 0001 00004675
[ 1338056.952281] 0003 0018 00000357
[ 1338056.952281] 0000 0000 00000000
[ 1338056.954260] 0003 0001 0000469f
[ 1338056.954260] 0003 0018 00000351
[ 1338056.954260] 0000 0000 00000000
[ 1338056.956194] 0003 0001 000046c8
[ 1338056.956194] 0003 0018 00000358
[ 1338056.956194] 0000 0000 00000000
[ 1338056.958605] 0003 0001 000046f1
[ 1338056.958605] 0003 0018 0000035c
[ 1338056.958605] 0003 001a fffffff6
[ 1338056.958605] 0003 001b 0000000f
[ 1338056.958605] 0000 0000 00000000
[ 1338056.960456] 0003 0000 00002249
[ 1338056.960456] 0003 0001 0000471a
[ 1338056.960456] 0003 0018 00000362
[ 1338056.960456] 0003 001a fffffff8
[ 1338056.960456] 0000 0000 00000000
[ 1338056.962694] 0003 0001 00004743
[ 1338056.962694] 0003 0018 00000364
[ 1338056.962694] 0000 0000 00000000
[ 1338056.964540] 0003 0000 00002246
[ 1338056.964540] 0003 0001 0000476e
[ 1338056.964540] 0003 0018 00000368
[ 1338056.964540] 0000 0000 00000000
[ 1338056.966751] 0003 0000 00002244
[ 1338056.966751] 0003 0001 0000479a
[ 1338056.966751] 0003 0018 0000035d
[ 1338056.966751] 0003 001a fffffff6
[ 1338056.966751] 0000 0000 00000000
[ 1338056.968847] 0003 0000 00002241
[ 1338056.968847] 0003 0001 000047c7
[ 1338056.968847] 0003 0018 00000352
[ 1338056.968847] 0003 001a fffffff8
[ 1338056.968847] 0000 0000 00000000
[ 1338056.970808] 0003 0000 0000223d
[ 1338056.970808] 0003 0001 000047f4
[ 1338056.970808] 0003 0018 0000033c
[ 1338056.970808] 0000 0000 00000000
[ 1338056.972955] 0003 0000 00002239
[ 1338056.972955] 0003 0001 00004822
[ 1338056.972955] 0003 0018 00000328
[ 1338056.972955] 0000 0000 00000000
[ 1338056.974995] 0003 0000 00002235
[ 1338056.974995] 0003 0001 00004852
[ 1338056.974995] 0003 0018 0000031d
[ 1338056.974995] 0000 0000 00000000
[ 1338056.977020] 0003 0000 0000222d
[ 1338056.977020] 0003 0001 00004884
[ 1338056.977020] 0003 0018 0000030f
[ 1338056.977020] 0000 0000 00000000
[ 1338056.979205] 0003 0000 0000222b
[ 1338056.979205] 0003 0001 000048ba
[ 1338056.979205] 0003 0018 00000305
[ 1338056.979205] 0003 001a fffffff6
[ 1338056.979205] 0000 0000 00000000
[ 1338056.981251] 0003 0000 00002228
[ 1338056.981251] 0003 0001 000048f1
[ 1338056.981251] 0003 0018 000002f1
[ 1338056.981251] 0000 0000 00000000
[ 1338056.983174] 0003 0000 00002220
[ 1338056.983174] 0003 0001 00004929
[ 1338056.983174] 0003 0018 000002d1
[ 1338056.983174] 0000 0000 00000000
[ 1338056.985341] 0003 0000 0000221d
[ 1338056.985341] 0003 0001 00004961
[ 1338056.985341] 0003 0018 000002a7
[ 1338056.985341] 0000 0000 00000000
[ 1338056.987465] 0003 0000 00002212
[ 1338056.987465] 0003 0001 00004999
[ 1338056.987465] 0003 0018 00000284
[ 1338056.987465] 0000 0000 00000000
[ 1338056.989508] 0003 0000 00002206
[ 1338056.989508] 0003 0001 000049d1
[ 1338056.989508] 0003 0018 00000266
[ 1338056.989508] 0000 0000 00000000
[ 1338056.991663] 0003 0000 000021f9
[ 1338056.991663] 0003 0001 00004a09
[ 1338056.991663] 0003 0018 00000253
[ 1338056.991663] 0000 0000 00000000
[ 1338056.993742] 0003 0000 000021ea
[ 1338056.993742] 0003 0001 00004a40
[ 1338056.993742] 0003 0018 00000246
[ 1338056.993742] 0000 0000 00000000
[ 1338056.995784] 0003 0000 000021dd
[ 1338056.995784] 0003 0001 00004a77
[ 1338056.995784] 0003 0018 0000023c
[ 1338056.995784] 0000 0000 00000000
[ 1338056.997722] 0003 0000 000021cf
[ 1338056.997722] 0003 0001 00004aac
[ 1338056.997722] 0003 0018 00000230
[ 1338056.997722] 0000 0000 00000000
[ 1338056.999945] 0003 0000 000021be
[ 1338056.999945] 0003 0001 00004ae2
[ 1338056.999945] 0003 0018 00000227
[ 1338056.999945] 0000 0000 00000000
[ 1338057.002046] 0003 0000 000021ad
[ 1338057.002046] 0003 0001 00004b18
[ 1338057.002046] 0003 0018 00000223
[ 1338057.002046] 0000 0000 00000000
[ 1338057.004164] 0003 0000 00002199
[ 1338057.004164] 0003 0001 00004b4c
[ 1338057.004164] 0003 0018 00000221
[ 1338057.004164] 0003 001b 0000000d
[ 1338057.004164] 0000 0000 00000000
[ 1338057.006076] 0003 0000 00002184
[ 1338057.006076] 0003 0001 00004b80
[ 1338057.006076] 0003 0018 0000021f
[ 1338057.006076] 0000 0000 00000000
[ 1338057.008184] 0003 0000 0000216f
[ 1338057.008184] 0003 0001 00004bb2
[ 1338057.008184] 0003 0018 0000021b
[ 1338057.008184] 0000 0000 00000000
[ 1338057.010260] 0003 0000 00002159
[ 1338057.010260] 0003 0001 00004be3
[ 1338057.010260] 0003 0018 00000219
[ 1338057.010260] 0000 0000 00000000
[ 1338057.012340] 0003 0000 00002141
[ 1338057.012340] 0003 0001 00004c10
[ 1338057.012340] 0003 0018 00000212
[ 1338057.012340] 0000 0000 00000000
[ 1338057.014487] 0003 0000 00002126
[ 1338057.014487] 0003 0001 00004c3d
[ 1338057.014487] 0003 0018 0000020c
[ 1338057.014487] 0000 0000 00000000
[ 1338057.016363] 0003 0000 0000210b
[ 1338057.016363] 0003 0001 00004c67
[ 1338057.016363] 0003 0018 00000209
[ 1338057.016363] 0000 0000 00000000
[ 1338057.018507] 0003 0000 000020f1
[ 1338057.018507] 0003 0001 00004c91
[ 1338057.018507] 0003 0018 00000202
[ 1338057.018507] 0000 0000 00000000
[ 1338057.020619] 0003 0000 000020d6
[ 1338057.020619] 0003 0001 00004cb9
[ 1338057.020619] 0003 0018 000001fb
[ 1338057.020619] 0000 0000 00000000
[ 1338057.022683] 0003 0000 000020bb
[ 1338057.022683] 0003 0001 00004cdd
[ 1338057.022683] 0003 0018 000001f8
[ 1338057.022683] 0000 0000 00000000
[ 1338057.024748] 0003 0000 0000209f
[ 1338057.024748] 0003 0001 00004d00
[ 1338057.024748] 0003 0018 000001ef
[ 1338057.024748] 0000 0000 00000000
[ 1338057.026858] 0003 0000 0000207f
[ 1338057.026858] 0003 0001 00004d21
[ 1338057.026858] 0003 0018 000001ec
[ 1338057.026858] 0000 0000 00000000
[ 1338057.028888] 0003 0000 00002060
[ 1338057.028888] 0003 0001 00004d3f
[ 1338057.028888] 0003 0018 000001e2
[ 1338057.028888] 0000 0000 00000000
[ 1338057.030923] 0003 0000 00002041
[ 1338057.030923] 0003 0001 00004d5d
[ 1338057.030923] 0003 0018 000001da
[ 1338057.030923] 0003 001b 0000000c
[ 1338057.030923] 0000 0000 00000000
[ 1338057.032975] 0003 0000 00002022
[ 1338057.032975] 0003 0001 00004d7a
[ 1338057.032975] 0003 0018 000001d7
[ 1338057.032975] 0000 0000 00000000
[ 1338057.035060] 0003 0000 00002004
[ 1338057.035060] 0003 0001 00004d97
[ 1338057.035060] 0003 0018 000001d0
[ 1338057.035060] 0000 0000 00000000
[ 1338057.037153] 0003 0000 00001fe5
[ 1338057.037153] 0003 0001 00004db3
[ 1338057.037153] 0003 0018 000001d6
[ 1338057.037153] 0000 0000 00000000
[ 1338057.039303] 0003 0000 00001fc6
[ 1338057.039303] 0003 0001 00004dd0
[ 1338057.039303] 0003 0018 000001df
[ 1338057.039303] 0000 0000 00000000
[ 1338057.041314] 0003 0000 00001fa8
[ 1338057.041314] 0003 0001 00004dec
[ 1338057.041314] 0003 0018 000001e2
[ 1338057.041314] 0003 001a fffffff5
[ 1338057.041314] 0000 0000 00000000
[ 1338057.043477] 0003 0000 00001f88
[ 1338057.043477] 0003 0001 00004e08
[ 1338057.043477] 0003 0018 000001e5
[ 1338057.043477] 0000 0000 00000000
[ 1338057.045442] 0003 0000 00001f67
[ 1338057.045442] 0003 0001 00004e24
[ 1338057.045442] 0003 0018 000001e8
[ 1338057.045442] 0000 0000 00000000
[ 1338057.047539] 0003 0000 00001f45
[ 1338057.047539] 0003 0001 00004e41
[ 1338057.047539] 0003 0018 000001e2
[ 1338057.047539] 0000 0000 00000000
[ 1338057.049510] 0003 0000 00001f22
[ 1338057.049510] 0003 0001 00004e5e
[ 1338057.049510] 0003 0018 000001e3
[ 1338057.049510] 0000 0000 00000000
[ 1338057.051666] 0003 0000 00001efd
[ 1338057.051666] 0003 0001 00004e7d
[ 1338057.051666] 0003 0018 000001e4
[ 1338057.051666] 0003 001b 0000000b
[ 1338057.051666] 0000 0000 00000000
[ 1338057.053820] 0003 0000 00001ed8
[ 1338057.053820] 0003 0001 00004e9d
[ 1338057.053820] 0003 0018 000001e3
[ 1338057.053820] 0000 0000 00000000
[ 1338057.055846] 0003 0000 00001eb3
[ 1338057.055846] 0003 0001 00004ebc
[ 1338057.055846] 0003 0018 000001e2
[ 1338057.055846] 0000 0000 00000000
[ 1338057.057898] 0003 0000 00001e8e
[ 1338057.057898] 0003 0001 00004edc
[ 1338057.057898] 0003 0018 000001e5
[ 1338057.057898] 0000 0000 00000000
[ 1338057.060128] 0003 0000 00001e69
[ 1338057.060128] 0003 0001 00004efd
[ 1338057.060128] 0003 0018 000001e7
[ 1338057.060128] 0000 0000 00000000
[ 1338057.062022] 0003 0000 00001e45
[ 1338057.062022] 0003 0001 00004f1d
[ 1338057.062022] 0003 0018 000001ed
[ 1338057.062022] 0000 0000 00000000
[ 1338057.064226] 0003 0000 00001e21
[ 1338057.064226] 0003 0001 00004f3e
[ 1338057.064226] 0003 0018 000001f4
[ 1338057.064226] 0000 0000 00000000
[ 1338057.066184] 0003 0000 00001dfc
[ 1338057.066184] 0003 0001 00004f5e
[ 1338057.066184] 0003 0018 000001fc
[ 1338057.066184] 0000 0000 00000000
[ 1338057.068344] 0003 0000 00001dd7
[ 1338057.068344] 0003 0001 00004f7e
[ 1338057.068344] 0003 0018 00000212
[ 1338057.068344] 0000 0000 00000000
[ 1338057.070296] 0003 0000 00001db2
[ 1338057.070296] 0003 0001 00004f9f
[ 1338057.070296] 0003 0018 00000222
[ 1338057.070296] 0000 0000 00000000
[ 1338057.072505] 0003 0000 00001d8d
[ 1338057.072505] 0003 0001 00004fbf
[ 1338057.072505] 0003 0018 00000243
[ 1338057.072505] 0000 0000 00000000
[ 1338057.074540] 0003 0000 00001d6a
[ 1338057.074540] 0003 0001 00004fe0
[ 1338057.074540] 0003 0018 00000266
[ 1338057.074540] 0000 0000 00000000
[ 1338057.076738] 0003 0000 00001d47
[ 1338057.076738] 0003 0001 00005000
[ 1338057.076738] 0003 0018 00000298
[ 1338057.076738] 0000 0000 00000000
[ 1338057.078749] 0003 0000 00001d25
[ 1338057.078749] 0003 0001 00005020
[ 1338057.078749] 0003 0018 000002ce
[ 1338057.078749] 0000 0000 00000000
[ 1338057.080850] 0003 0000 00001d04
[ 1338057.080850] 0003 0001 00005040
[ 1338057.080850] 0003 0018 00000310
[ 1338057.080850] 0003 001b 0000000a
[ 1338057.080850] 0000 0000 00000000
[ 1338057.082995] 0003 0000 00001ce5
[ 1338057.082995] 0003 0001 0000505f
[ 1338057.082995] 0003 0018 0000033e
[ 1338057.082995] 0000 0000 00000000
[ 1338057.084960] 0003 0000 00001cc6
[ 1338057.084960] 0003 0001 0000507d
[ 1338057.084960] 0003 0018 0000035e
[ 1338057.084960] 0000 0000 00000000
[ 1338057.086899] 0003 0000 00001ca8
[ 1338057.086899] 0003 0001 0000509a
[ 1338057.086899] 0003 0018 00000387
[ 1338057.086899] 0000 0000 00000000
[ 1338057.088984] 0003 0000 00001c8d
[ 1338057.088984] 0003 0001 000050b4
[ 1338057.088984] 0003 0018 0000039e
[ 1338057.088984] 0000 0000 00000000
[ 1338057.091008] 0003 0000 00001c71
[ 1338057.091008] 0003 0001 000050cc
[ 1338057.091008] 0003 0018 000003c3
[ 1338057.091008] 0000 0000 00000000
[ 1338057.093235] 0003 0000 00001c55
[ 1338057.093235] 0003 0001 000050e2
[ 1338057.093235] 0003 0018 000003ee
[ 1338057.093235] 0000 0000 00000000
[ 1338057.095184] 0003 0000 00001c3c
[ 1338057.095184] 0003 0001 000050f6
[ 1338057.095184] 0003 0018 0000040e
[ 1338057.095184] 0000 0000 00000000
[ 1338057.097382] 0003 0000 00001c23
[ 1338057.097382] 0003 0001 0000510a
[ 1338057.097382] 0003 0018 00000439
[ 1338057.097382] 0000 0000 00000000
[ 1338057.099318] 0003 0000 00001c0c
[ 1338057.099318] 0003 0001 0000511e
[ 1338057.099318] 0003 0018 00000462
[ 1338057.099318] 0000 0000 00000000
[ 1338057.101420] 0003 0000 00001bf6
[ 1338057.101420] 0003 0001 00005133
[ 1338057.101420] 0003 0018 0000047b
[ 1338057.101420] 0003 001b 00000008
[ 1338057.101420] 0000 0000 00000000
[ 1338057.103543] 0003 0000 00001be0
[ 1338057.103543] 0003 0001 00005147
[ 1338057.103543] 0003 0018 0000048e
[ 1338057.103543] 0000 0000 00000000
[ 1338057.105585] 0003 0000 00001bca
[ 1338057.105585] 0003 0001 0000515b
[ 1338057.105585] 0003 0018 00000496
[ 1338057.105585] 0000 0000 00000000
[ 1338057.107737] 0003 0000 00001bb5
[ 1338057.107737] 0003 0001 0000516e
[ 1338057.107737] 0003 0018 0000049f
[ 1338057.107737] 0000 0000 00000000
[ 1338057.109686] 0003 0000 00001ba1
[ 1338057.109686] 0003 0001 00005181
[ 1338057.109686] 0003 0018 000004a5
[ 1338057.109686] 0000 0000 00000000
[ 1338057.111902] 0003 0000 00001b8d
[ 1338057.111902] 0003 0001 00005193
[ 1338057.111902] 0003 0018 000004c2
[ 1338057.111902] 0000 0000 00000000
[ 1338057.113825] 0003 0000 00001b77
[ 1338057.113825] 0003 0001 000051a5
[ 1338057.113825] 0003 0018 000004dc
[ 1338057.113825] 0000 0000 00000000
[ 1338057.115931] 0003 0000 00001b61
[ 1338057.115931] 0003 0001 000051b7
[ 1338057.115931] 0003 0018 00000504
[ 1338057.115931] 0000 0000 00000000
[ 1338057.118144] 0003 0000 00001b4a
[ 1338057.118144] 0003 0001 000051c9
[ 1338057.118144] 0003 0018 0000052b
[ 1338057.118144] 0000 0000 00000000
[ 1338057.120134] 0003 0000 00001b33
[ 1338057.120134] 0003 0001 000051db
[ 1338057.120134] 0003 0018 00000534
[ 1338057.120134] 0000 0000 00000000
[ 1338057.122163] 0003 0000 00001b1d
[ 1338057.122163] 0003 0001 000051ee
[ 1338057.122163] 0003 0018 00000536
[ 1338057.122163] 0000 0000 00000000
[ 1338057.124292] 0003 0000 00001b07
[ 1338057.124292] 0003 0001 00005201
[ 1338057.124292] 0003 0018 0000052b
[ 1338057.124292] 0000 0000 00000000
[ 1338057.126376] 0003 0000 00001af2
[ 1338057.126376] 0003 0001 00005215
[ 1338057.126376] 0003 0018 00000519
[ 1338057.126376] 0000 0000 00000000
[ 1338057.128393] 0003 0000 00001add
[ 1338057.128393] 0003 0001 00005229
[ 1338057.128393] 0003 0018 00000517
[ 1338057.128393] 0000 0000 00000000
[ 1338057.130450] 0003 0000 00001ac8
[ 1338057.130450] 0003 0001 0000523e
[ 1338057.130450] 0003 0018 00000516
[ 1338057.130450] 0003 001a fffffff6
[ 1338057.130450] 0003 001b 00000007
[ 1338057.130450] 0000 0000 00000000
[ 1338057.132520] 0003 0000 00001ab2
[ 1338057.132520] 0003 0001 00005254
[ 1338057.132520] 0003 0018 0000050c
[ 1338057.132520] 0000 0000 00000000
[ 1338057.134679] 0003 0000 00001a9b
[ 1338057.134679] 0003 0001 0000526b
[ 1338057.134679] 0003 0018 00000505
[ 1338057.134679] 0000 0000 00000000
[ 1338057.136769] 0003 0000 00001a84
[ 1338057.136769] 0003 0001 00005284
[ 1338057.136769] 0003 0018 000004e4
[ 1338057.136769] 0000 0000 00000000
[ 1338057.138840] 0003 0000 00001a6b
[ 1338057.138840] 0003 0001 0000529f
[ 1338057.138840] 0003 0018 000004bf
[ 1338057.138840] 0000 0000 00000000
[ 1338057.140998] 0003 0000 00001a53
[ 1338057.140998] 0003 0001 000052be
[ 1338057.140998] 0003 0018 0000047e
[ 1338057.140998] 0000 0000 00000000
[ 1338057.143087] 0003 0000 00001a39
[ 1338057.143087] 0003 0001 000052e0
[ 1338057.143087] 0003 0018 0000042a
[ 1338057.143087] 0000 0000 00000000
[ 1338057.145048] 0003 0000 00001a1f
[ 1338057.145048] 0003 0001 00005304
[ 1338057.145048] 0003 0018 000003ca
[ 1338057.145048] 0000 0000 00000000
[ 1338057.147018] 0003 0000 00001a05
[ 1338057.147018] 0003 0001 00005329
[ 1338057.147018] 0003 0018 0000035f
[ 1338057.147018] 0000 0000 00000000
[ 1338057.149167] 0003 0000 000019ec
[ 1338057.149167] 0003 0001 00005351
[ 1338057.149167] 0003 0018 000002f9
[ 1338057.149167] 0000 0000 00000000
[ 1338057.151173] 0003 0000 000019d3
[ 1338057.151173] 0003 0001 0000537b
[ 1338057.151173] 0003 0018 000002a0
[ 1338057.151173] 0000 0000 00000000
[ 1338057.153330] 0003 0000 000019ba
[ 1338057.153330] 0003 0001 000053a7
[ 1338057.153330] 0003 0018 00000255
[ 1338057.153330] 0000 0000 00000000
[ 1338057.155331] 0003 0000 000019a0
[ 1338057.155331] 0003 0001 000053d7
[ 1338057.155331] 0003 0018 00000214
[ 1338057.155331] 0000 0000 00000000
[ 1338057.157437] 0003 0000 00001985
[ 1338057.157437] 0003 0001 00005408
[ 1338057.157437] 0003 0018 000001e5
[ 1338057.157437] 0000 0000 00000000
[ 1338057.159528] 0003 0000 0000196b
[ 1338057.159528] 0003 0001 0000543d
[ 1338057.159528] 0003 0018 000001bd
[ 1338057.159528] 0000 0000 00000000
[ 1338057.161609] 0003 0000 00001952
[ 1338057.161609] 0003 0001 00005474
[ 1338057.161609] 0003 0018 0000019c
[ 1338057.161609] 0000 0000 00000000
[ 1338057.163589] 0003 0000 0000193a
[ 1338057.163589] 0003 0001 000054ae
[ 1338057.163589] 0003 0018 0000017c
[ 1338057.163589] 0000 0000 00000000
[ 1338057.165745] 0003 0000 00001923
[ 1338057.165745] 0003 0001 000054e9
[ 1338057.165745] 0003 0018 00000161
[ 1338057.165745] 0000 0000 00000000
[ 1338057.167760] 0003 0000 0000190d
[ 1338057.167760] 0003 0001 00005526
[ 1338057.167760] 0003 0018 00000148
[ 1338057.167760] 0000 0000 00000000
[ 1338057.169999] 0003 0000 000018f7
[ 1338057.169999] 0003 0001 00005564
[ 1338057.169999] 0003 0018 00000135
[ 1338057.169999] 0003 001b 00000006
[ 1338057.169999] 0000 0000 00000000
[ 1338057.171963] 0003 0000 000018e5
[ 1338057.171963] 0003 0001 000055a2
[ 1338057.171963] 0003 0018 00000128
[ 1338057.171963] 0000 0000 00000000
[ 1338057.173971] 0003 0000 000018d4
[ 1338057.173971] 0003 0001 000055e0
[ 1338057.173971] 0003 0018 00000120
[ 1338057.173971] 0000 0000 00000000
[ 1338057.176162] 0003 0000 000018c5
[ 1338057.176162] 0003 0001 0000561c
[ 1338057.176162] 0003 0018 00000118
[ 1338057.176162] 0000 0000 00000000
[ 1338057.178224] 0003 0000 000018b8
[ 1338057.178224] 0003 0001 00005656
[ 1338057.178224] 0003 0018 00000115
[ 1338057.178224] 0000 0000 00000000
[ 1338057.180280] 0003 0000 000018ac
[ 1338057.180280] 0003 0001 0000568d
[ 1338057.180280] 0003 0018 00000111
[ 1338057.180280] 0000 0000 00000000
[ 1338057.182283] 0003 0000 000018a1
[ 1338057.182283] 0003 0001 000056c0
[ 1338057.182283] 0003 0018 0000010c
[ 1338057.182283] 0000 0000 00000000
[ 1338057.184446] 0003 0000 00001897
[ 1338057.184446] 0003 0001 000056f0
[ 1338057.184446] 0003 0018 00000107
[ 1338057.184446] 0000 0000 00000000
[ 1338057.186389] 0003 0000 0000188d
[ 1338057.186389] 0003 0001 0000571c
[ 1338057.186389] 0003 0018 000000fc
[ 1338057.186389] 0000 0000 00000000
[ 1338057.188467] 0003 0000 00001883
[ 1338057.188467] 0003 0001 00005745
[ 1338057.188467] 0003 0018 000000ee
[ 1338057.188467] 0003 001a fffffff8
[ 1338057.188467] 0000 0000 00000000
[ 1338057.190606] 0003 0000 0000187b
[ 1338057.190606] 0003 0001 0000576b
[ 1338057.190606] 0003 0018 000000da
[ 1338057.190606] 0000 0000 00000000
[ 1338057.192782] 0003 0000 00001877
[ 1338057.192782] 0003 0001 0000578f
[ 1338057.192782] 0003 0018 000000c8
[ 1338057.192782] 0000 0000 00000000
[ 1338057.194736] 0003 0000 0000186f
[ 1338057.194736] 0003 0001 000057b0
[ 1338057.194736] 0003 0018 000000b5
[ 1338057.194736] 0000 0000 00000000
[ 1338057.196899] 0003 0000 0000186c
[ 1338057.196899] 0003 0001 000057cf
[ 1338057.196899] 0003 0018 0000009c
[ 1338057.196899] 0000 0000 00000000
[ 1338057.198901] 0003 0000 00001869
[ 1338057.198901] 0003 0001 000057ec
[ 1338057.198901] 0003 0018 00000075
[ 1338057.198901] 0003 001b 00000005
[ 1338057.198901] 0000 0000 00000000
[ 1338057.201000] 0003 0000 00001866
[ 1338057.201000] 0003 0001 00005808
[ 1338057.201000] 0003 0018 00000001
[ 1338057.201000] 0000 0000 00000000
[ 1338057.203087] 0003 0000 00001865
[ 1338057.203087] 0003 0001 0000580a
[ 1338057.203087] 0001 014a 00000000
[ 1338057.203087] 0003 0018 00000000
[ 1338057.203087] 0003 0019 00000003
[ 1338057.203087] 0000 0000 00000000
[ 1338057.205006] 0003 0001 00005812
[ 1338057.205006] 0000 0000 00000000
[ 1338057.207170] 0003 0001 00005815
[ 1338057.207170] 0000 0000 00000000
[ 1338057.209354] 0003 0001 00005821
[ 1338057.209354] 0000 0000 00000000
[ 1338057.211217] 0003 0001 0000582b
[ 1338057.211217] 0003 0019 00000002
[ 1338057.211217] 0000 0000 00000000
[ 1338057.213407] 0003 0001 00005835
[ 1338057.213407] 0003 0019 00000003
[ 1338057.213407] 0000 0000 00000000
[ 1338057.215392] 0003 0001 00005840
[ 1338057.215392] 0003 0019 00000004
[ 1338057.215392] 0000 0000 00000000
[ 1338057.217562] 0003 0000 00001867
[ 1338057.217562] 0003 0001 0000584b
[ 1338057.217562] 0000 0000 00000000
[ 1338057.219560] 0003 0000 0000186a
[ 1338057.219560] 0003 0001 00005856
[ 1338057.219560] 0003 0019 00000005
[ 1338057.219560] 0000 0000 00000000
[ 1338057.221586] 0003 0000 00001873
[ 1338057.221586] 0003 0001 00005859
[ 1338057.221586] 0003 0019 00000006
[ 1338057.221586] 0000 0000 00000000
[ 1338057.223750] 0003 0000 00001876
[ 1338057.223750] 0003 0001 00005863
[ 1338057.223750] 0003 0019 00000007
[ 1338057.223750] 0000 0000 00000000
[ 1338057.225648] 0003 0000 00001882
[ 1338057.225648] 0003 0001 00005865
[ 1338057.225648] 0003 0019 00000008
[ 1338057.225648] 0000 0000 00000000
[ 1338057.227711] 0003 0000 0000188c
[ 1338057.227711] 0003 0001 00005868
[ 1338057.227711] 0003 0019 0000000a
[ 1338057.227711] 0000 0000 00000000
[ 1338057.229804] 0003 0000 00001898
[ 1338057.229804] 0003 0001 0000586b
[ 1338057.229804] 0003 0019 0000000b
[ 1338057.229804] 0000 0000 00000000
[ 1338057.231866] 0003 0000 000018a6
[ 1338057.231866] 0003 0019 0000000d
[ 1338057.231866] 0003 001a fffffff9
[ 1338057.231866] 0000 0000 00000000
[ 1338057.234048] 0003 0000 000018b6
[ 1338057.234048] 0003 0019 0000000f
[ 1338057.234048] 0000 0000 00000000
[ 1338057.236101] 0003 0000 000018c8
[ 1338057.236101] 0003 0019 00000011
[ 1338057.236101] 0000 0000 00000000
[ 1338057.238124] 0003 0000 000018dc
[ 1338057.238124] 0003 0001 00005868
[ 1338057.238124] 0003 0019 00000013
[ 1338057.238124] 0000 0000 00000000
[ 1338057.240162] 0003 0000 000018ec
[ 1338057.240162] 0003 0001 00005860
[ 1338057.240162] 0003 0019 00000015
[ 1338057.240162] 0000 0000 00000000
[ 1338057.242258] 0003 0000 000018fb
[ 1338057.242258] 0003 0001 0000585d
[ 1338057.242258] 0003 0019 00000017
[ 1338057.242258] 0000 0000 00000000
[ 1338057.244368] 0003 0000 00001911
[ 1338057.244368] 0003 0001 00005854
[ 1338057.244368] 0003 0019 0000001a
[ 1338057.244368] 0000 0000 00000000
[ 1338057.246397] 0003 0000 00001928
[ 1338057.246397] 0003 0001 0000584c
[ 1338057.246397] 0003 0019 0000001c
[ 1338057.246397] 0003 001a fffffff8
[ 1338057.246397] 0000 0000 00000000
[ 1338057.248523] 0003 0000 00001940
[ 1338057.248523] 0003 0001 00005843
[ 1338057.248523] 0003 0019 0000001f
[ 1338057.248523] 0000 0000 00000000
[ 1338057.250662] 0003 0000 00001959
[ 1338057.250662] 0003 0001 0000583a
[ 1338057.250662] 0003 0019 00000021
[ 1338057.250662] 0000 0000 00000000
[ 1338057.252634] 0003 0000 00001970
[ 1338057.252634] 0003 0001 0000582c
[ 1338057.252634] 0003 0019 00000024
[ 1338057.252634] 0003 001b 00000003
[ 1338057.252634] 0000 0000 00000000
[ 1338057.254699] 0003 0000 00001986
[ 1338057.254699] 0003 0001 0000581b
[ 1338057.254699] 0003 0019 00000027
[ 1338057.254699] 0000 0000 00000000
[ 1338057.256763] 0003 0000 0000199f
[ 1338057.256763] 0003 0001 00005806
[ 1338057.256763] 0003 0019 0000002a
[ 1338057.256763] 0000 0000 00000000
[ 1338057.258829] 0003 0000 000019bc
[ 1338057.258829] 0003 0001 000057ea
[ 1338057.258829] 0003 0019 0000002d
[ 1338057.258829] 0000 0000 00000000
[ 1338057.260887] 0003 0000 000019e1
[ 1338057.260887] 0003 0001 000057c7
[ 1338057.260887] 0003 0019 00000030
[ 1338057.260887] 0000 0000 00000000
[ 1338057.262958] 0003 0000 00001a0f
[ 1338057.262958] 0003 0001 00005798
[ 1338057.262958] 0003 0019 00000033
[ 1338057.262958] 0000 0000 00000000
[ 1338057.265187] 0003 0000 00001a44
[ 1338057.265187] 0003 0001 00005760
[ 1338057.265187] 0003 0019 00000036
[ 1338057.265187] 0000 0000 00000000
[ 1338057.267277] 0003 0000 00001a7d
[ 1338057.267277] 0003 0001 00005721
[ 1338057.267277] 0003 0019 0000003a
[ 1338057.267277] 0000 0000 00000000
[ 1338057.269353] 0003 0000 00001aa8
[ 1338057.269353] 0003 0001 000056ef
[ 1338057.269353] 0003 0019 0000003c
[ 1338057.269353] 0000 0000 00000000
[ 1338057.271349] 0003 0000 00001acd
[ 1338057.271349] 0003 0001 000056c3
[ 1338057.271349] 0003 0019 0000003e
[ 1338057.271349] 0003 001b 00000005
[ 1338057.271349] 0000 0000 00000000
[ 1338057.273441] 0003 0000 00001aec
[ 1338057.273441] 0003 0001 0000569a
[ 1338057.273441] 0003 0019 00000040
[ 1338057.273441] 0000 0000 00000000
[ 1338057.275503] 0003 0000 00001b0c
[ 1338057.275503] 0003 0001 00005672
[ 1338057.275503] 0003 0019 00000042
[ 1338057.275503] 0003 001b 00000003
[ 1338057.275503] 0000 0000 00000000
[ 1338057.277567] 0003 0000 00001b28
[ 1338057.277567] 0003 0001 00005644
[ 1338057.277567] 0003 0019 00000045
[ 1338057.277567] 0003 001b 00000005
[ 1338057.277567] 0000 0000 00000000
[ 1338057.279633] 0003 0000 00001b47
[ 1338057.279633] 0003 0001 00005615
[ 1338057.279633] 0003 0019 00000047
[ 1338057.279633] 0003 001b 00000003
[ 1338057.279633] 0000 0000 00000000
[ 1338057.281811] 0003 0000 00001b61
[ 1338057.281811] 0003 0001 000055e1
[ 1338057.281811] 0003 0019 0000004a
[ 1338057.281811] 0003 001b 00000005
[ 1338057.281811] 0000 0000 00000000
[ 1338057.283790] 0003 0000 00001b82
[ 1338057.283790] 0003 0001 000055ab
[ 1338057.283790] 0003 0019 0000004c
[ 1338057.283790] 0000 0000 00000000
[ 1338057.285543] 0003 0000 00001b99
[ 1338057.285543] 0003 0001 00005582
[ 1338057.285543] 0000 0000 00000000
[ 1338057.287931] 0003 0019 0000004f
[ 1338057.287931] 0000 0000 00000000
[ 1338057.289751] 0003 0019 00000000
[ 1338057.289751] 0001 0140 00000000
[ 1338057.289751] 0000 0000 00000000
[ 1338057.289912] 0003 0000 00000000
[ 1338057.289912] 0003 0001 00000000
[ 1338057.289912] 0000 0000 00000000
